0.0000 0.0000 0.0000
3.078 0.608 8.427
3.011 0.289 7.463
2.228 0.019 6.484
1.539 -0.137 5.689
1.178 -0.261 5.112
0.828 -0.408 4.652
0.486 -0.238 4.058
0.645 -0.102 3.178
0.709 0.002 2.679
0.656 0.054 2.299
0.53 0.135 2.224
0.33 0.121 2.407
0.288 0.04 2.588
0.208 0.019 2.502
0.17 0.025 2.269
0.11 0.049 1.982
-0.056 0.121 1.758
-0.24 0.23 1.754
-0.405 0.224 2.096
-0.537 0.227 2.326
-0.544 0.196 2.188
-0.498 0.125 2.055
-0.5 0.138 1.945
-0.648 0.072 2.017
-0.73 -0.029 2.074
-0.657 -0.129 2.237
-0.444 -0.185 2.306
-0.305 -0.218 2.11
-0.274 -0.24 1.641
-0.333 -0.207 1.175
-0.403 -0.195 0.945
-0.415 -0.167 1.092
-0.244 -0.167 1.414
-0.056 -0.176 1.608
0.035 -0.219 1.749
0.023 -0.395 2.126
0.064 -0.528 2.284
0.152 -0.673 2.03
0.352 -0.753 1.758
0.489 -0.807 1.496
0.191 -0.7 1.277
-0.009 -0.57 1.382
-0.085 -0.556 1.761
-0.137 -0.716 2.309
-0.046 -0.98 2.604
0.32 -1.201 2.74
1.064 -1.245 2.44
1.216 -1.267 2.049
0.999 -1.071 1.629
0.71 -0.921 1.362
0.492 -1.018 1.304
0.236 -1.563 1.38
-0.312 -1.622 1.44
-0.591 -1.287 1.331
-0.205 -0.995 1.551
0.366 -0.757 1.947
0.494 -0.345 2.02
-0.227 -0.121 2.016
-1.247 -0.23 1.866
-2.036 -0.801 1.714
-2.212 -1.471 1.879
-1.766 -1.988 1.372
-0.961 -2.306 1.088
-0.356 -2.187 0.798
0.058 -1.719 0.649
0.225 -1.167 0.602
0.469 -0.74 0.309
0.957 -0.347 -0.273
1.369 -0.08 -0.892
1.784 -0.02 -1.432
2.554 0.024 -2.228
2.979 0.358 -2.152
3.285 0.822 -1.764
3.921 0.61 -0.89
4.305 0.894 0.043
4.098 0.925 0.203
3.749 0.824 -0.291
3.098 0.854 -0.917
1.901 1.018 -1.549
1.15 0.89 -2.101
0.785 0.689 -2.529
0.595 0.698 -2.939
0.397 1.042 -3.231
0.288 1.412 -2.891
0.104 1.598 -1.835
0.077 1.714 -0.772
0.362 1.473 0.519
0.619 0.938 0.847
0.505 0.672 0.788
0.291 0.519 -0.109
-0.082 0.406 -1.037
-0.436 0.038 -1.502
-0.97 0.095 -2.266
-1.924 0.283 -2.298
-2.232 0.289 -2.111
-2.526 -0.058 -1.891
-2.721 0.266 -1.495
-2.44 0.515 -0.984
-1.834 0.403 -0.222
-1.091 0.277 0.007
-0.887 0.447 -0.2
-0.875 0.463 -0.766
-0.995 0.27 -1.534
-1.007 0.122 -2.294
-0.958 -0.044 -2.72
-0.776 -0.091 -3.008
-0.336 0.115 -2.828
-0.113 0.31 -2.64
-0.093 0.572 -2.514
-0.058 0.765 -2.331
-0.026 0.826 -2.201
0.122 1.011 -1.973
0.411 1.229 -1.689
0.853 1.175 -1.365
1.086 1.143 -0.996
1.193 1.003 -0.698
1.074 0.782 -0.697
0.734 0.824 -0.981
0.031 1.207 -1.305
-0.574 2.009 -1.89
-0.336 2.058 -1.933
0.929 1.887 -1.749
1.81 1.844 -1.238
2.258 1.918 -0.666
2.17 2.123 -0.004
1.703 2.221 0.245
0.869 2.016 0.462
-0.079 2.038 0.562
-1.096 2.05 0.118
-1.4 1.802 -0.41
-1.278 1.311 -1.515
-1.124 1.275 -2.415
-0.986 1.561 -2.682
-0.758 1.396 -2.198
-0.699 1.567 -1.694
-0.802 1.617 -1.163
-0.808 1.533 -1.305
-0.839 1.543 -1.424
-1.005 1.105 -1.627
-1.206 0.804 -1.714
-1.24 0.612 -1.775
-0.987 0.551 -1.994
-0.63 0.651 -2.191
-0.351 0.835 -2.265
-0.23 0.967 -2.004
-0.302 0.879 -1.752
-0.349 0.567 -1.663
-0.478 0.433 -1.531
-0.568 0.553 -1.369
-0.382 0.687 -1.344
-0.188 0.584 -1.261
-0.083 0.569 -1.17
-0.273 0.598 -1.087
-0.66 0.719 -0.815
-0.8 0.768 -0.742
-0.712 0.501 -0.719
-0.632 0.417 -0.552
-0.577 0.461 -0.394
-0.554 0.648 -0.216
-0.447 0.617 0.003
-0.187 0.513 0.519
0.331 0.392 0.735
0.617 0.431 1.058
0.59 0.301 1.202
0.462 0.306 1.09
0.355 0.413 0.99
0.354 0.475 0.925
0.267 0.393 1.246
0.171 0.388 1.303
0.137 0.582 1.233
0.123 0.8 0.687
0.128 1.03 0.136
0.089 1.185 -0.541
0.184 0.869 -1.124
-0.006 0.394 -0.633
-0.471 0.363 0.033
-0.519 0.344 0.28
-0.113 -0.181 0.605
0.018 -0.094 0.717
-0.147 -0.067 0.585
-0.529 0.214 0.397
-0.622 0.305 0.133
-0.327 0.171 -0.379
0.403 -0.285 -0.453
0.552 -0.308 -0.184
0.385 -0.294 0.713
-0.273 0.088 1.486
-0.634 0.139 2.26
-0.674 -0.115 2.275
-0.581 -0.009 1.237
-0.272 0.008 0.277
0.185 -0.198 0.0
0.227 -0.385 0.284
-0.149 -0.269 0.626
-0.53 0.343 0.331
-0.537 0.481 0.263
-0.475 0.079 0.159
-0.522 -0.083 -0.269
-0.513 -0.005 -0.828
-0.531 -0.281 -0.944
-0.684 -0.416 -0.772
-0.797 -0.323 -0.505
-0.795 -0.256 -0.136
-0.767 -0.256 0.455
-0.656 -0.325 0.823
-0.685 -0.776 0.715
-0.582 -1.25 0.738
-0.144 -1.788 0.19
0.369 -2.092 -0.414
0.78 -1.228 -0.7
1.237 -0.234 -0.509
1.449 -0.056 -0.226
1.528 0.216 0.072
1.461 0.496 0.521
1.203 0.412 0.84
1.126 0.121 1.281
1.324 -0.33 1.696
1.812 -1.012 1.828
2.113 -1.402 1.766
2.16 -1.098 1.52
2.065 -0.437 1.222
2.177 -0.014 1.134
2.339 -0.055 0.909
1.95 -0.308 0.576
1.272 -0.743 0.527
0.981 -1.237 0.647
1.09 -1.726 0.961
1.231 -1.76 1.374
1.332 -1.48 1.616
1.526 -1.341 1.894
1.503 -1.302 2.135
1.344 -1.102 1.965
1.097 -0.992 1.785
0.987 -1.126 1.658
0.992 -1.366 1.079
1.005 -1.523 0.712
1.059 -1.732 0.589
0.928 -1.732 0.599
0.533 -1.515 0.755
-0.045 -1.321 1.291
-0.006 -1.232 1.946
0.45 -1.35 2.398
0.819 -1.646 2.107
1.004 -1.559 1.491
1.171 -1.644 0.816
0.907 -1.885 0.277
0.274 -1.601 0.103
-0.046 -1.484 0.558
0.009 -1.594 1.192
0.215 -1.59 1.771
0.659 -1.543 2.094
1.179 -1.57 2.1
0.958 -1.473 1.967
0.672 -1.412 1.882
0.752 -1.443 1.858
0.935 -1.609 1.508
0.962 -1.612 0.961
1.021 -1.528 0.555
0.988 -1.41 0.034
0.691 -1.251 -0.046
0.32 -1.247 0.552
-0.358 -1.57 1.324
-0.641 -1.715 2.088
-0.516 -2.095 2.552
0.017 -2.308 1.917
0.489 -2.206 0.941
0.69 -2.08 0.063
0.63 -1.795 -0.184
0.515 -1.4 -0.166
0.291 -1.105 0.04
0.072 -1.132 0.311
-0.141 -1.217 0.608
-0.213 -1.319 0.797
-0.105 -1.455 0.545
-0.198 -1.404 0.275
-0.187 -1.151 0.109
-0.177 -0.95 0.072
-0.34 -0.674 0.238
-0.504 -0.486 0.3
-0.385 -0.394 0.339
0.204 -0.346 0.322
0.365 -0.191 0.23
0.311 -0.241 0.008
0.401 -0.372 -0.104
0.231 -0.196 -0.145
0.018 0.245 -0.044
0.361 0.522 -0.238
0.644 0.59 -0.602
1.364 0.591 -0.938
1.4 0.834 -1.413
1.225 1.018 -1.522
1.068 1.157 -1.154
0.875 1.128 -0.444
0.874 1.067 -0.184
0.761 1.08 -0.2
0.607 1.171 -0.352
0.21 1.114 -0.343
-0.301 1.02 -0.343
-0.478 1.142 -0.248
-0.965 1.105 0.017
-1.601 1.089 0.11
-2.544 0.575 0.151
-2.962 0.811 -0.001