0.0000 0.0000 0.0000
4.285 0.272 7.642
3.727 0.573 6.594
2.983 0.352 5.615
2.452 0.084 5.39
2.129 -0.036 4.885
1.761 -0.032 4.379
1.542 -0.098 4.028
0.957 -0.183 3.806
0.585 -0.121 3.598
0.518 -0.006 3.393
0.785 0.089 3.157
1.206 0.166 2.798
1.215 0.132 2.518
0.93 0.153 2.447
0.423 0.181 2.401
0.045 0.12 2.402
-0.054 0.039 2.472
-0.152 -0.016 2.656
-0.076 0.028 2.795
0.275 -0.008 2.576
0.782 -0.102 2.293
0.876 -0.118 1.831
0.685 -0.141 1.587
0.548 -0.049 1.385
0.079 -0.139 1.436
-0.592 -0.099 1.413
-0.851 -0.417 1.125
-1.24 -0.926 1.168
-1.228 -1.213 1.025
-0.976 -1.704 1.121
-1.008 -1.749 1.483
-0.993 -1.574 1.688
-0.937 -1.408 1.847
-0.903 -1.301 1.8
-0.511 -1.206 1.594
-0.107 -1.206 1.262
0.084 -1.085 0.929
0.248 -0.925 0.483
0.482 -1.168 0.236
0.416 -1.241 0.531
0.185 -0.97 0.763
0.149 -0.899 0.936
0.281 -1.016 0.989
0.632 -1.095 1.019
1.025 -1.089 0.9
1.311 -1.032 0.646
1.343 -0.98 0.651
1.114 -1.063 0.973
0.486 -1.086 1.566
-0.243 -0.986 1.719
-0.064 -1.12 1.608
0.649 -1.31 1.042
1.247 -1.179 0.412
1.545 -0.716 0.052
1.347 -0.334 0.589
0.557 0.233 1.435
-0.161 0.046 2.343
-0.765 -0.484 3.16
-0.887 -0.616 3.12
-0.816 -0.589 2.679
-0.682 -0.547 2.109
-0.554 -0.493 1.571
-0.464 -0.383 1.293
-0.572 -0.276 1.439
-0.593 -0.334 1.459
-0.447 -0.585 1.572
-0.316 -0.561 1.656
0.24 -0.66 1.309
0.682 -0.62 0.954
0.855 -0.566 0.436
0.873 -0.691 -0.184
0.828 -0.716 -0.864
0.616 -0.472 -1.699
0.244 -0.253 -2.348
-0.107 0.073 -2.458
0.041 -0.149 -2.385
0.399 -0.418 -1.982
0.126 -0.816 -1.362
-0.058 -1.027 -0.665
-0.268 -0.95 -0.176
-0.292 -0.786 -0.305
-0.28 -0.484 -0.956
-0.114 0.081 -1.472
0.189 0.357 -1.807
0.549 0.485 -1.945
0.65 0.445 -1.854
0.3 0.711 -1.281
-0.686 1.148 -0.911
-0.927 1.585 -0.605
-0.835 1.53 -0.148
-0.648 1.342 0.021
-0.393 1.372 -0.083
0.154 1.579 -0.394
0.785 1.964 -0.544
1.284 2.027 -0.705
1.517 2.108 -0.479
1.383 2.337 -0.19
1.408 2.224 0.216
1.379 1.915 0.754
1.129 1.517 1.058
0.844 1.02 0.901
0.785 0.668 0.052
0.871 0.524 -0.59
0.895 0.489 -0.807
0.892 0.362 -0.717
0.639 -0.156 -0.603
0.127 -0.399 -0.516
-0.497 -0.479 -1.275
-1.249 -0.423 -2.035
-1.632 -0.286 -3.004
-1.478 -0.214 -3.514
-1.028 -0.063 -3.274
-0.227 0.201 -2.912
0.208 0.775 -2.871
0.498 0.896 -3.049
0.276 0.953 -3.641
0.222 1.107 -3.57
0.071 0.626 -3.687
-0.16 0.365 -3.775
-0.687 1.173 -3.785
-0.489 1.53 -3.406
0.197 1.386 -3.221
0.789 1.48 -2.459
1.046 1.538 -1.506
1.2 1.531 -0.804
1.192 1.507 -0.172
0.806 1.658 -0.293
0.613 1.587 -0.686
0.517 1.265 -0.97
0.353 1.397 -1.494
0.327 1.688 -1.689
0.449 1.743 -1.839
0.154 1.845 -1.836
-0.119 1.815 -1.678
-0.4 1.341 -1.45
-0.774 1.189 -1.219
-1.274 1.122 -1.037
-1.551 1.225 -1.39
-1.138 0.904 -1.173
-0.989 0.866 -1.211
-1.114 1.115 -1.047
-1.167 1.107 -0.494
-1.05 1.057 -0.082
-0.954 0.847 0.106
-0.72 0.832 -0.111
-0.441 0.99 -0.367
-0.087 1.149 -0.261
0.102 1.155 0.049
0.212 1.16 0.63
0.251 1.139 1.049
0.373 0.982 0.643
0.301 0.772 0.596
-0.064 0.72 0.433
-0.342 0.821 -0.515
-0.541 0.868 -1.342
-0.823 0.798 -1.243
-0.887 0.658 -1.135
-0.833 0.48 -0.781
-0.861 0.673 -0.513
-1.146 0.563 0.21
-1.419 0.213 1.059
-1.286 -0.255 1.427
-1.312 -0.195 1.414
-1.293 0.134 0.669
-1.103 0.491 -0.164
-0.803 0.304 0.007
-0.344 0.187 0.075
0.026 0.125 0.266
0.075 0.38 0.748
-0.164 0.264 1.664
-0.45 0.152 1.98
-0.525 0.085 1.489
-0.386 -0.026 0.771
-0.339 0.079 0.091
-0.176 -0.066 0.125
-0.279 -0.12 0.543
-0.466 -0.056 0.73
-0.644 -0.197 1.166
-0.985 -0.306 1.144
-1.248 -0.534 -0.099
-1.382 -1.007 -0.709
-1.45 -0.923 -1.276
-1.4 -0.003 -2.252
-1.07 0.418 -2.492
-0.705 0.178 -0.967
-0.505 -0.244 0.421
-0.429 -0.59 1.845
0.199 -0.384 2.427
1.05 -0.544 2.555
1.376 -0.291 2.661
1.299 0.59 2.283
1.134 0.902 1.943
1.072 0.768 1.447
0.853 0.554 1.078
0.794 0.49 0.849
0.826 0.01 0.825
0.942 -0.266 0.941
0.96 -0.084 0.631
0.545 0.156 0.249
0.326 0.226 0.077
0.156 0.074 -0.136
0.192 -0.544 -0.088
0.302 -1.136 -0.062
0.573 -1.255 0.107
1.249 -1.121 0.131
1.624 -0.966 0.014
1.608 -0.886 0.142
1.275 -0.858 0.309
0.966 -0.893 0.674
0.869 -1.079 0.762
0.998 -1.316 0.798
1.191 -1.176 0.847
1.494 -0.748 0.65
1.853 -0.699 0.387
1.659 -0.775 0.478
1.149 -0.741 0.516
0.956 -0.736 0.395
0.748 -0.878 1.002
0.613 -0.954 1.686
0.586 -1.16 1.828
0.355 -1.225 1.766
0.216 -1.12 1.244
0.367 -1.542 0.189
0.33 -2.362 -0.363
0.039 -2.901 -0.094
-0.369 -2.508 0.699
0.072 -1.317 1.801
1.288 -0.677 2.284
2.263 -0.514 2.151
2.605 -0.497 1.082
2.646 -1.034 0.0
2.114 -1.189 -0.499
1.257 -1.466 -0.044
0.346 -1.104 0.666
0.588 -0.994 1.315
1.322 -0.851 1.675
1.836 -0.775 1.731
2.721 -1.266 0.765
2.845 -1.251 -0.595
2.026 -0.756 -1.207
1.048 -0.413 -0.768
0.435 -0.449 0.118
0.451 -0.447 1.322
0.984 -0.842 1.922
1.308 -0.749 2.083
1.841 -0.717 1.47
2.165 -0.732 0.521
1.681 -0.322 -0.228
0.815 -0.393 0.052
0.027 -0.423 0.909
0.3 -0.648 1.576
0.416 -0.712 2.065
0.15 -0.563 2.083
0.084 -0.473 2.107
-0.01 -0.865 1.793
0.197 -0.89 0.571
0.496 -0.525 -0.209
0.86 -0.283 -0.861
0.748 0.123 -0.921
0.708 0.232 -0.407
0.473 -0.032 0.348
0.271 -0.425 0.555
-0.135 -0.969 0.267
-0.673 -0.803 -0.173
-0.218 -0.585 -0.862
0.544 -0.319 -1.112
1.059 0.039 -0.811
0.755 0.147 -0.187
0.102 0.322 0.469
-0.045 0.161 0.689
-0.041 -0.079 0.568
-0.287 -0.321 -0.307
-0.758 -0.582 -1.474
-1.001 -0.196 -2.068
-0.978 -0.107 -1.801
-0.924 -0.424 -1.026
-0.986 -0.364 -0.061
-1.069 0.033 0.728
-0.798 -0.038 1.052
-0.485 -0.25 0.947
-0.282 -0.363 0.55
-0.141 -0.025 -0.202
-0.093 0.141 -0.707
-0.058 0.23 -0.697
-0.129 0.293 -0.455
-0.246 0.376 -0.151
-0.238 0.683 0.044
-0.326 0.796 0.557
-0.69 1.104 0.863
-1.121 1.174 0.915
-0.793 1.186 0.858
-0.481 1.076 0.479
-0.278 0.951 0.095
-0.371 0.934 -0.353
-0.092 0.909 -1.352