0.0000 0.0000 0.0000
1.164 2.169 5.944
1.031 1.029 5.919
0.6 1.107 6.042
-0.062 1.169 6.55
-0.228 0.725 6.774
-0.387 0.393 6.303
-0.494 0.285 5.147
-0.66 0.153 3.857
-0.999 0.103 2.997
-1.123 0.127 2.62
-0.994 0.02 2.487
-0.808 -0.016 2.436
-0.701 -0.04 2.219
-0.752 -0.113 1.902
-1.125 -0.214 1.815
-1.297 -0.356 1.797
-1.27 -0.338 2.221
-1.178 -0.382 2.576
-1.086 -0.404 2.974
-0.994 -0.338 3.374
-0.904 -0.295 3.39
-0.856 -0.3 3.008
-0.917 -0.373 2.285
-0.955 -0.336 1.608
-1.023 -0.259 1.542
-0.912 -0.19 1.965
-0.855 -0.231 2.234
-0.83 -0.303 2.269
-0.652 -0.428 2.094
-0.57 -0.557 1.79
-0.53 -0.545 1.68
-0.391 -0.671 1.512
-0.291 -0.785 1.705
-0.176 -0.715 1.948
0.03 -0.842 2.021
0.157 -0.887 1.87
0.287 -0.979 1.864
0.759 -1.14 2.022
1.148 -1.345 1.967
1.119 -1.382 2.02
0.913 -1.261 2.335
0.477 -1.213 3.274
0.282 -1.272 3.782
0.651 -1.645 3.628
0.93 -1.972 3.222
1.371 -2.102 2.486
1.682 -2.159 1.315
1.687 -2.133 0.417
1.483 -1.971 0.047
1.55 -1.774 0.293
1.619 -1.226 0.565
1.837 -1.0 0.224
1.92 -0.917 -0.168
1.289 -0.377 -0.246
0.418 -0.546 0.14
-0.527 -0.914 0.824
-1.483 -0.779 1.543
-1.18 -1.029 2.061
0.006 -1.107 2.984
1.35 -1.108 3.151
2.896 -1.678 1.991
4.046 -1.829 0.568
5.003 -2.181 -0.876
5.261 -1.713 -2.098
4.873 -0.791 -2.431
4.222 -0.273 -2.404
3.274 -0.013 -2.241
2.67 0.229 -1.905
2.36 0.077 -1.636
1.814 -0.085 -1.749
1.339 -0.137 -2.289
1.085 0.04 -2.198
0.89 0.268 -2.03
0.887 0.517 -1.827
0.928 0.724 -1.773
1.076 0.833 -1.924
1.02 1.137 -1.921
0.496 1.299 -1.573
0.11 1.402 -1.089
-0.012 1.305 -0.643
0.609 1.312 -0.114
1.384 1.112 0.526
1.849 0.837 0.689
1.388 0.951 0.223
0.732 1.029 -0.625
0.616 0.952 -1.175
0.442 0.882 -1.566
0.079 0.751 -1.788
-0.471 0.779 -2.084
-0.932 0.77 -2.229
-1.012 0.633 -2.057
-0.91 0.716 -1.852
-0.776 0.808 -1.554
-0.509 0.917 -1.106
-0.156 0.98 -1.021
0.41 0.684 -1.255
0.714 0.917 -1.379
0.444 0.955 -1.621
-0.065 0.98 -1.89
-0.558 0.839 -1.838
-0.994 0.927 -1.81
-0.989 0.903 -1.784
-0.89 0.692 -1.373
-0.982 0.623 -0.916
-1.03 0.742 -0.842
-0.617 0.728 -0.999
-0.348 0.707 -1.261
-0.098 0.627 -1.531
-0.097 0.789 -2.051
-0.371 1.054 -2.302
-0.515 1.302 -2.227
-0.739 1.267 -1.961
-0.795 1.149 -2.024
-1.181 1.344 -1.83
-1.399 1.529 -1.362
-1.233 1.376 -1.252
-0.868 1.212 -1.135
-0.609 1.117 -0.996
-0.6 1.341 -0.724
-0.781 1.664 -0.229
-0.841 1.627 -0.232
-0.765 1.438 -0.864
-0.749 1.355 -1.484
-0.89 1.271 -1.784
-1.464 1.299 -1.83
-1.792 1.54 -2.095
-1.992 1.687 -2.385
-1.939 1.26 -1.862
-1.676 0.798 -1.176
-1.164 0.856 -0.369
-0.659 0.865 0.572
-0.119 1.183 1.041
0.228 1.436 0.902
0.343 1.49 0.269
0.403 1.669 -0.55
0.328 1.769 -1.21
0.14 1.635 -1.589
0.006 1.385 -1.37
-0.106 1.169 -0.94
-0.121 1.216 -0.682
0.002 0.775 -0.459
-0.247 0.75 -0.025
-0.541 0.907 0.425
-0.53 0.687 0.572
-0.322 0.834 0.739
0.338 0.854 0.596
0.675 0.967 0.062
0.987 0.956 -0.296
0.733 0.792 -0.258
0.435 0.807 -0.198
0.228 0.787 -0.247
0.042 0.467 -0.395
-0.358 0.256 -0.277
-0.529 0.196 -0.069
-0.718 0.461 0.334
-0.913 1.113 0.774
-0.641 1.002 0.576
0.086 0.729 0.019
0.465 0.423 -0.499
0.72 -0.256 -1.26
0.674 -0.437 -1.461
0.115 0.528 -0.962
-0.576 1.009 -0.598
-0.725 1.038 -0.159
-0.756 0.632 0.364
-0.784 -0.059 0.319
-1.016 -0.57 -0.16
-1.078 -0.789 -0.773
-1.177 -0.167 -0.851
-1.188 0.969 -0.352
-0.837 0.76 0.036
-0.391 0.339 0.454
0.026 0.012 0.547
0.127 -0.729 0.225
-0.04 -1.303 0.108
-0.691 -1.526 0.166
-1.708 -0.623 0.546
-2.476 -0.087 0.767
-2.444 -0.19 0.406
-2.277 -0.05 0.46
-2.067 -0.537 0.397
-1.817 -1.422 0.4
-1.618 -1.832 0.834
-1.697 -1.278 1.337
-2.252 -0.064 1.78
-2.147 0.536 1.973
-1.605 0.517 1.75
-1.237 0.457 1.247
-0.683 -0.105 0.76
-0.433 -0.431 0.115
-0.011 -0.577 -0.076
0.308 -0.476 0.086
0.303 -0.222 0.439
0.221 0.17 0.714
0.354 0.429 0.953
0.715 0.257 0.797
1.212 -0.07 0.433
1.557 -0.183 0.079
1.935 -0.363 0.226
1.845 -0.689 0.661
1.316 -0.758 1.112
0.641 -0.277 1.673
0.275 -0.172 2.264
0.274 -0.353 2.451
0.488 -0.714 1.784
0.827 -0.979 0.761
1.261 -1.191 0.366
1.342 -1.167 0.501
1.233 -1.11 1.115
0.843 -0.973 2.038
0.31 -0.833 2.17
-0.039 -0.81 2.082
-0.035 -0.781 1.908
0.097 -0.685 1.83
0.535 -0.651 1.888
0.904 -0.784 1.802
0.986 -1.007 1.889
0.706 -0.777 1.83
0.377 -0.338 1.819
0.469 -0.631 1.456
0.948 -1.309 1.319
1.249 -1.704 0.903
1.288 -1.732 0.709
0.995 -1.136 0.974
0.482 -0.997 1.385
-0.194 -1.078 1.479
-0.795 -1.031 1.392
-0.612 -1.333 0.899
-0.06 -1.63 0.576
0.342 -1.795 0.493
0.506 -1.736 0.487
-0.302 -0.821 0.705
-0.557 -0.687 1.281
-0.303 -1.023 1.567
-0.005 -1.068 1.789
0.787 -1.305 1.593
1.364 -1.278 1.218
1.779 -1.288 0.881
1.118 -0.668 0.534
0.3 -0.567 0.886
-1.014 -0.743 1.254
-2.05 -0.574 1.783
-1.69 -0.749 2.096
-0.443 -1.122 2.318
1.272 -1.208 2.224
2.903 -1.372 1.605
3.906 -1.286 0.944
3.653 -0.89 0.272
1.814 0.025 0.305
0.064 0.428 0.749
-0.424 -0.028 1.062
-0.615 -0.37 1.016
-0.148 -0.746 0.673
0.486 -0.991 0.459
1.377 -0.909 0.31
1.55 -0.654 0.373
1.283 0.255 0.793
1.456 0.324 1.205
1.81 0.257 1.11
2.233 0.292 0.473
2.345 0.082 -0.263
2.154 -0.425 -1.245
1.542 -0.495 -1.646
0.664 -0.704 -1.559
-0.1 -0.625 -1.179
-0.288 -0.614 -0.785
-0.139 -0.501 -0.508
0.107 -0.382 -0.397
0.398 -0.473 -0.435
0.565 -0.46 -0.727
0.552 -0.526 -1.163
0.419 -0.482 -1.383
0.273 -0.408 -1.486
0.082 -0.264 -1.432
-0.063 -0.073 -1.306
0.089 -0.006 -1.081
0.382 0.123 -0.826
0.783 0.361 -0.597
0.929 0.419 -0.744
1.008 0.507 -1.083
0.907 0.534 -1.518
0.343 0.515 -1.668
-0.191 0.058 -1.441
-0.827 -0.136 -1.133
-1.089 -0.062 -0.959
-1.342 0.21 -0.949
-1.449 0.482 -0.811
-1.623 0.71 -0.696
-1.555 1.035 -0.583
-1.46 1.078 -0.662
-1.573 1.117 -1.001
-1.286 1.108 -1.349