0.0000 0.0000 0.0000
2.216 0.186 8.203
1.891 0.021 7.313
1.314 0.002 6.944
0.665 0.165 6.706
0.469 0.2 6.355
0.397 0.223 6.072
0.374 0.201 5.353
0.406 0.112 4.706
0.331 0.075 4.261
0.332 0.171 3.843
0.428 0.102 3.356
0.54 0.031 3.037
0.469 0.08 2.863
0.379 0.21 2.697
0.057 0.352 2.755
-0.207 0.377 2.565
-0.341 0.236 2.455
-0.341 0.118 2.296
-0.135 0.037 2.084
0.024 0.033 2.203
0.073 0.064 2.224
0.075 -0.088 1.993
-0.035 -0.217 1.768
-0.351 -0.342 1.358
-0.548 -0.376 1.343
-0.355 -0.425 1.277
-0.07 -0.451 1.227
0.109 -0.484 1.113
0.192 -0.599 1.028
0.156 -0.755 0.994
-0.143 -0.774 0.972
-0.284 -0.748 0.866
-0.221 -0.777 0.814
0.076 -0.742 0.75
0.361 -0.616 0.795
0.834 -0.606 0.802
0.949 -0.528 0.885
0.345 -0.355 0.935
-0.05 -0.328 0.919
-0.304 -0.467 1.103
-0.032 -0.765 1.035
0.341 -1.301 1.285
0.6 -1.222 1.424
0.824 -1.022 1.135
0.94 -0.825 0.754
0.872 -0.639 0.472
0.69 -0.437 0.252
0.328 -0.566 0.27
0.114 -0.561 0.2
0.266 -0.686 0.507
0.067 -0.626 0.896
0.069 -0.546 0.927
0.372 -0.638 1.067
0.326 -0.574 1.21
0.259 -0.405 1.21
0.457 -0.243 1.201
0.67 -0.219 0.995
0.948 -0.326 0.895
1.0 -0.423 0.676
0.693 -0.337 0.35
0.167 -0.045 0.099
-0.254 0.114 -0.194
-0.324 -0.112 -0.149
-0.179 -0.403 0.124
0.114 -0.673 0.215
0.275 -1.157 0.529
0.247 -1.352 0.339
-0.044 -1.225 -0.005
-0.72 -0.335 -0.694
-0.838 0.223 -1.184
-0.814 0.545 -1.307
-0.457 1.241 -1.289
0.277 1.246 -1.341
0.439 1.371 -0.939
0.481 1.458 -0.578
0.7 1.209 -0.124
0.906 0.829 0.629
0.686 0.703 1.204
0.195 0.969 1.221
0.124 1.001 0.677
0.103 0.72 0.23
0.127 0.76 -0.732
0.14 0.658 -1.331
0.014 0.618 -2.034
-0.435 0.694 -2.468
-1.063 0.72 -2.118
-1.276 0.225 -1.518
-1.226 -0.382 -0.849
-1.233 -0.801 -0.316
-1.066 -0.764 -0.241
-0.554 -0.731 -0.312
-0.154 -0.735 -0.634
0.472 -0.705 -1.105
0.442 -0.013 -1.262
0.286 0.495 -1.135
0.292 0.558 -1.013
0.297 1.036 -0.886
0.483 1.424 -0.771
0.684 1.816 -0.53
1.374 2.108 -0.46
1.952 2.113 0.024
2.283 1.953 0.815
1.942 1.232 1.38
1.145 0.342 1.431
-0.193 0.333 0.737
-1.346 0.748 0.361
-1.47 0.846 -0.682
-0.995 0.761 -1.588
-0.344 0.625 -2.067
0.026 0.64 -2.153
0.118 0.688 -2.093
0.011 1.153 -1.97
0.036 0.943 -1.747
-0.001 0.444 -1.253
-0.018 0.27 -0.938
-0.016 0.2 -1.155
-0.058 0.266 -1.22
-0.198 0.601 -1.857
-0.394 1.024 -2.033
-0.191 1.068 -1.838
0.069 1.004 -1.62
0.286 0.671 -1.51
0.516 0.431 -1.496
0.43 0.647 -1.459
0.137 0.754 -1.434
-0.048 0.963 -1.678
-0.13 0.936 -1.364
-0.393 0.696 -0.926
-0.638 0.549 -0.635
-1.013 0.571 -0.614
-0.998 0.643 -1.07
-0.829 0.596 -1.67
-0.902 0.942 -2.166
-1.001 0.985 -2.406
-1.168 0.973 -2.528
-1.18 0.755 -2.456
-1.054 0.214 -1.934
-0.741 0.339 -1.112
-0.383 0.865 -0.397
-0.241 1.106 -0.099
-0.157 1.168 -0.52
-0.279 1.318 -1.304
-0.32 1.109 -1.958
-0.477 1.101 -2.253
-0.559 1.215 -1.916
-0.468 1.232 -0.957
-0.266 1.195 0.172
-0.067 1.42 1.379
0.163 1.243 1.784
0.276 0.826 1.476
0.257 0.864 0.716
-0.018 1.226 0.153
-0.215 1.534 -0.766
-0.012 1.398 -1.258
0.118 0.827 -1.089
0.209 0.374 -0.894
0.085 0.267 -0.684
-0.268 0.482 -0.409
-0.525 0.451 -0.204
-0.774 0.121 -0.123
-1.016 0.057 -0.05
-1.147 -0.059 -0.269
-1.067 -0.372 -0.932
-0.874 -0.533 -1.399
-0.657 -0.885 -1.569
-1.117 -0.452 -1.766
-1.729 0.127 -1.417
-1.996 0.252 -0.81
-1.857 0.123 -0.246
-1.619 -0.483 -0.152
-1.362 -0.908 -0.008
-1.347 -0.318 -0.429
-1.488 0.868 -0.602
-1.589 1.436 -0.567
-1.128 0.948 -0.166
-0.8 0.026 -0.132
-0.685 -0.045 -0.015
-0.367 0.045 0.115
0.41 -0.191 0.31
0.8 -0.31 0.546
0.754 -0.055 1.06
0.257 0.536 1.644
-0.406 0.827 1.729
-0.529 0.529 1.556
-0.269 0.045 0.987
0.3 -0.519 0.181
0.477 -0.967 -0.181
0.3 -0.879 -0.119
-0.41 -0.239 0.34
-0.748 0.335 0.969
-0.812 0.871 1.545
-0.696 0.887 1.52
-0.514 0.359 1.092
0.105 -0.409 -0.025
0.62 -1.066 -0.41
0.825 -1.321 -0.412
0.674 -1.017 -0.319
0.382 -0.665 0.151
0.172 -0.331 0.748
0.189 -0.324 1.492
0.282 -0.628 1.86
0.245 -0.72 2.165
0.281 -0.803 2.207
0.373 -0.93 2.193
0.508 -0.569 2.189
0.828 -0.607 2.16
0.969 -0.607 1.806
1.045 -0.667 1.487
1.001 -0.609 1.227
0.995 -0.1 1.302
1.258 -0.064 1.362
1.468 -0.273 1.561
1.571 -0.538 1.535
1.647 -0.459 1.329
1.499 -0.292 1.041
1.22 -0.22 0.765
1.089 -0.534 0.714
0.929 -0.765 0.746
0.913 -0.74 0.559
1.003 -0.821 0.581
1.032 -0.825 0.48
0.636 -0.656 0.121
0.21 -0.41 0.014
0.154 -0.446 0.056
0.311 -0.652 0.464
0.72 -1.026 0.762
1.018 -1.234 1.083
0.977 -1.429 1.552
0.87 -1.338 1.655
0.551 -1.118 1.455
0.332 -0.696 1.137
0.48 -0.816 1.11
0.656 -1.07 1.352
0.788 -1.403 1.424
0.752 -1.538 1.428
0.488 -1.333 1.552
0.172 -1.225 1.586
0.051 -1.284 1.583
0.184 -1.414 1.502
0.355 -1.393 1.498
0.518 -1.521 1.461
0.767 -1.705 1.133
0.467 -1.138 0.779
0.023 -0.498 0.933
-0.616 -0.328 1.521
-0.727 -0.597 1.567
-0.206 -1.399 1.617
0.228 -1.629 1.18
0.351 -1.518 1.01
0.609 -1.556 0.788
0.514 -0.892 0.744
0.23 -0.32 0.997
0.146 -0.262 1.233
0.063 -0.15 1.403
0.091 -0.316 1.478
0.211 -0.775 1.115
0.336 -1.284 0.641
0.329 -1.31 0.327
0.235 -1.257 0.053
0.065 -1.028 -0.115
-0.052 -0.753 0.008
0.021 -0.626 0.36
0.139 -0.727 1.031
0.436 -0.749 1.186
0.883 -0.751 0.973
1.062 -0.814 0.393
0.577 -0.629 -0.128
-0.049 -0.299 -0.443
-0.191 -0.338 -0.433
-0.068 -0.434 -0.571
-0.053 -0.356 -0.695
-0.082 -0.277 -0.78
-0.073 -0.232 -0.65
0.054 -0.2 -0.335
0.358 -0.197 -0.035
0.555 -0.221 0.045
0.405 -0.207 -0.053
0.132 -0.169 -0.41
-0.087 -0.135 -0.748
-0.234 -0.001 -0.914
-0.159 0.016 -0.9
-0.151 -0.054 -0.75
0.018 -0.074 -0.64
0.292 -0.136 -0.568
0.607 -0.122 -0.606
0.857 -0.075 -0.614
0.935 -0.051 -0.587
1.143 -0.002 -0.787
1.149 0.006 -1.087
0.862 0.117 -1.289
0.543 0.183 -1.324
0.29 0.104 -1.243
-0.212 0.188 -1.067
-0.535 0.23 -0.857
-0.663 0.103 -0.581
-0.57 0.412 -0.161
-0.401 0.638 0.061
-0.016 0.677 0.218
0.51 0.842 -0.078
0.804 0.862 -0.553
0.965 0.732 -1.325
1.066 0.504 -2.029