0.0000 0.0000 0.0000
0.768 0.841 7.961
0.743 0.188 7.165
0.729 0.195 6.164
0.725 0.219 5.625
0.695 0.188 5.364
0.548 0.049 4.862
0.157 -0.102 4.583
-0.125 -0.152 4.331
-0.242 -0.214 3.855
-0.295 -0.21 3.556
-0.308 -0.163 3.166
-0.415 -0.293 2.702
-0.813 -0.29 2.691
-1.06 -0.106 2.87
-1.066 -0.017 3.1
-0.812 -0.145 3.023
-0.567 -0.26 2.746
-0.433 -0.328 2.618
-0.278 -0.365 2.46
-0.258 -0.449 2.36
-0.431 -0.421 2.288
-0.638 -0.353 2.231
-0.832 -0.49 2.232
-0.939 -0.424 2.224
-0.491 -0.243 2.174
0.074 -0.348 2.241
0.713 -0.339 2.267
1.202 -0.348 1.954
1.297 -0.469 1.569
1.064 -0.577 1.145
0.673 -0.657 0.849
0.373 -0.729 0.661
0.224 -0.941 0.629
0.21 -0.898 0.765
0.353 -1.007 0.809
0.515 -1.087 0.857
0.817 -0.978 0.728
0.977 -0.915 0.629
1.181 -1.09 0.394
0.873 -1.421 -0.118
0.372 -1.149 -0.684
-0.009 -1.034 -0.934
-0.181 -0.991 -0.651
-0.128 -0.754 -0.052
0.151 -0.472 0.487
0.644 -0.364 0.912
1.399 -0.449 1.355
1.923 -0.972 1.659
2.394 -1.349 1.381
1.792 -1.507 0.424
0.855 -1.132 0.123
-0.118 -0.769 0.309
-0.726 -0.615 0.709
-0.542 -0.734 1.052
0.158 -0.764 1.507
1.004 -0.877 2.011
1.869 -1.151 1.888
2.13 -1.105 1.147
1.822 -0.995 0.188
1.037 -0.697 -0.287
0.157 -0.282 -0.534
-0.22 -0.323 -0.627
-0.689 -0.239 -0.504
-0.766 -0.034 -0.376
-0.336 -0.039 -0.045
0.179 0.024 -0.006
0.29 0.16 0.106
0.261 0.126 0.112
0.089 0.191 -0.424
-0.359 0.301 -0.545
-0.668 0.4 -0.715
-0.696 0.464 -0.988
-0.695 0.771 -1.165
-0.625 0.9 -1.152
-0.27 0.879 -0.907
0.161 0.886 -0.394
0.404 0.858 -0.2
0.415 0.772 -0.093
0.115 0.686 0.062
-0.387 0.695 0.159
-0.624 0.677 0.479
-0.613 0.696 0.724
-0.328 0.531 0.574
0.204 0.504 0.361
0.545 0.833 0.101
0.698 0.844 -0.21
0.619 0.639 -0.62
0.437 0.704 -0.989
0.324 0.444 -0.838
-0.009 0.115 -0.021
-0.663 0.087 1.014
-0.95 0.173 1.74
-1.131 0.052 1.859
-0.69 -0.082 1.052
-0.32 -0.022 -0.172
0.229 0.1 -1.129
0.395 0.125 -1.956
0.175 0.629 -2.458
-0.212 0.98 -2.212
-0.415 1.115 -1.569
-0.348 1.227 -0.998
-0.227 0.837 -0.622
0.303 0.555 -0.62
0.601 0.75 -0.8
0.653 0.916 -0.84
0.717 0.91 -1.023
0.765 0.949 -1.111
0.62 1.069 -0.939
0.567 0.928 -1.173
0.501 0.844 -1.383
0.503 0.957 -1.167
0.616 0.956 -0.973
0.649 0.766 -0.703
0.481 0.698 -0.469
0.433 0.611 -0.474
0.51 0.532 -0.452
0.683 0.514 -0.234
0.727 0.523 0.133
0.818 0.444 0.395
0.684 0.115 0.123
0.762 0.018 -0.319
0.927 -0.078 -0.848
0.921 -0.165 -1.151
1.01 -0.036 -1.544
1.159 -0.093 -1.493
0.948 -0.032 -1.163
0.517 0.117 -0.779
0.043 0.355 -0.494
-0.564 0.345 -0.557
-0.792 0.509 -1.13
-0.592 0.587 -1.534
0.242 0.442 -1.803
0.933 0.622 -2.045
1.391 0.801 -1.479
1.244 0.799 -0.926
0.662 0.788 -0.695
-0.204 0.873 -0.72
-1.072 1.604 -1.045
-0.603 1.573 -1.613
0.612 1.441 -1.856
1.524 1.53 -1.671
1.846 1.325 -0.719
1.196 1.003 0.334
0.438 0.523 1.258
-0.337 0.437 1.821
-0.95 0.6 1.88
-0.691 0.531 1.167
-0.51 0.469 0.214
-0.243 0.526 -0.505
-0.098 0.551 -0.782
-0.252 0.487 -0.652
-0.666 0.671 -0.768
-0.876 1.052 -0.967
-0.926 0.921 -0.93
-0.842 0.725 -1.13
-0.766 0.523 -1.233
-0.655 0.299 -1.239
-0.658 0.614 -0.804
-0.722 1.199 0.034
-0.641 1.337 0.315
-0.327 0.755 0.257
0.007 0.412 -0.035
-0.114 0.768 -0.531
-0.413 0.941 -0.805
-0.63 1.088 -0.871
-0.843 0.858 -0.931
-1.103 0.617 -0.812
-1.338 0.676 -1.075
-1.368 0.497 -1.054
-1.455 0.43 -0.811
-1.473 0.576 -0.721
-1.093 0.777 -1.037
-0.303 0.691 -1.665
0.399 0.682 -2.473
0.824 0.252 -2.57
1.268 -0.169 -2.391
1.201 -0.118 -2.177
0.495 0.031 -1.675
-0.036 0.58 -1.18
-0.645 0.651 -0.562
-0.994 0.482 -0.23
-0.92 0.477 -0.595
-0.38 0.541 -1.139
0.157 1.082 -1.439
0.271 1.663 -1.131
0.338 1.936 -0.578
0.52 1.398 0.099
0.571 0.775 0.382
0.247 0.37 0.396
-0.294 0.187 0.408
-1.394 0.659 0.901
-1.806 0.542 0.915
-1.798 0.505 0.866
-1.394 0.204 0.202
-0.884 -0.488 -0.722
-0.399 -0.637 -1.236
-0.342 -0.642 -0.742
-0.807 -0.595 0.047
-1.39 -0.268 0.878
-1.699 -0.345 1.359
-1.736 -0.595 1.499
-1.614 -0.794 1.203
-1.358 -1.395 0.453
-0.808 -1.782 -0.031
-0.486 -1.715 -0.036
-0.696 -1.242 0.009
-0.997 -0.049 0.233
-1.027 0.136 0.95
-0.941 -0.273 1.519
-0.761 -1.254 1.738
-0.607 -1.655 1.34
-0.667 -1.774 1.301
-0.807 -1.7 1.541
-0.925 -1.478 1.628
-1.013 -0.727 2.017
-0.67 0.026 2.401
-0.146 0.196 3.058
0.367 -0.211 3.01
0.787 -0.241 2.149
1.122 -0.2 1.038
1.036 -0.344 0.417
0.579 -0.387 0.151
0.279 -0.374 0.248
0.088 0.274 0.301
0.217 0.936 1.124
0.798 0.739 1.753
1.58 -0.178 2.215
1.862 -0.471 2.097
1.46 -0.449 1.81
0.918 -0.482 1.646
0.516 -0.287 1.438
0.248 -0.052 1.57
0.594 -0.391 1.87
1.173 -0.878 1.622
1.4 -0.954 1.365
1.251 -0.832 1.315
0.911 -0.508 1.201
0.707 -0.405 1.339
0.628 -0.83 1.412
0.807 -1.462 1.616
0.571 -1.695 1.756
0.143 -1.715 1.571
-0.284 -1.354 1.302
-0.411 -0.779 1.051
0.181 -0.925 0.713
0.973 -1.212 0.59
1.798 -1.616 0.531
2.308 -1.627 0.599
2.499 -1.318 0.659
2.008 -1.048 1.042
0.583 -0.521 1.825
-0.871 -0.288 2.349
-1.93 -0.414 2.304
-1.668 -1.605 1.16
0.067 -2.996 -0.024
1.56 -2.334 -1.469
2.878 -1.196 -2.641
3.09 -0.878 -2.308
1.565 -0.333 -0.698
-0.512 0.13 1.457
-1.78 -0.201 3.207
-2.283 -1.25 3.774
-1.701 -2.34 3.31
-0.281 -2.735 1.919
0.453 -1.203 -0.263
1.563 -0.79 -1.659
1.915 -0.478 -1.898
1.74 -0.421 -0.553
1.472 -0.715 1.51
0.945 -1.221 2.893
0.204 -1.746 3.646
-0.755 -1.597 3.023
-0.869 -1.092 2.152
-0.084 -0.914 1.463
1.501 -0.883 0.851
2.713 -0.209 0.352
3.596 -0.093 0.265
3.65 -0.394 0.419
3.078 -0.406 0.119
1.978 -0.46 -0.47
0.564 -0.13 -0.785
-0.508 -0.091 -0.594
-0.811 0.021 0.042
-0.238 -0.144 0.339
0.974 -0.009 0.211
2.075 -0.163 -0.551
2.238 -0.173 -1.314
1.988 0.137 -1.562
1.307 0.157 -1.57
0.081 0.383 -1.404
-0.814 0.388 -1.169
-0.922 0.306 -0.871
-0.399 0.223 -0.551
0.597 0.201 -0.453
1.589 0.095 -0.657
1.706 0.051 -0.824
1.587 0.097 -0.957
1.316 0.2 -1.327
0.736 0.214 -1.556
0.016 0.227 -1.53
-0.364 0.403 -1.592
-0.741 0.474 -1.554
-0.745 0.591 -1.614
-0.48 0.747 -1.538
-0.441 0.319 -1.359
-0.612 -0.065 -0.861
-0.956 -0.188 -0.611
-1.335 0.045 -1.265
-1.735 0.678 -0.992
-2.001 0.929 -0.393
-2.094 0.888 0.395