0.0000 0.0000 0.0000
10.111 0.134 7.392
9.902 0.13 6.688
9.11 0.091 6.467
8.457 0.487 6.492
8.197 0.878 6.49
8.102 1.022 6.513
8.214 1.222 6.163
8.366 1.082 5.995
8.391 1.06 5.378
7.811 1.221 4.728
7.443 1.16 4.428
7.268 0.914 4.226
6.894 0.219 4.079
6.196 -0.103 3.835
5.568 -0.188 3.667
5.235 -0.341 3.559
4.962 -0.669 3.496
4.758 -0.697 3.784
4.533 -0.851 3.768
4.277 -0.93 3.589
3.505 -1.078 3.403
2.732 -1.393 3.312
2.045 -1.719 2.972
1.522 -2.15 2.537
0.749 -2.073 2.077
0.286 -2.09 1.705
-0.164 -2.312 1.328
-0.803 -2.46 0.609
-1.231 -2.783 -0.408
-1.771 -2.978 -1.16
-2.447 -2.836 -1.613
-3.082 -2.69 -1.21
-3.498 -2.128 -0.899
-3.199 -1.958 -1.689
-2.897 -1.805 -3.364
-2.59 -1.849 -4.924
-2.512 -2.621 -6.052
-3.321 -2.488 -5.524
-4.342 -2.118 -4.343
-4.994 -1.622 -3.331
-5.089 -0.762 -3.11
-5.244 -0.479 -3.281
-5.331 -0.439 -3.539
-5.246 -0.542 -3.711
-5.058 -0.289 -3.667
-5.147 0.049 -2.87
-5.304 0.57 -1.893
-5.696 1.357 -1.557
-5.462 1.834 -1.72
-5.433 1.805 -2.1
-5.476 2.082 -2.717
-4.911 2.235 -3.092
-4.023 1.555 -2.955
-3.009 2.046 -2.677
-2.622 2.264 -1.737
-2.523 2.201 -0.089
-2.892 2.257 0.944
-2.939 2.143 0.807
-3.239 2.282 -0.221
-3.312 2.209 -0.794
-3.36 2.057 -1.249
-3.455 2.437 -1.848
-3.868 2.814 -1.439
-3.852 2.826 -1.648
-3.604 2.802 -2.19
-3.597 2.289 -2.514
-3.832 2.103 -2.806
-3.975 2.246 -2.715
-3.879 2.495 -2.547
-3.508 2.625 -2.231
-3.088 2.742 -1.957
-2.788 2.614 -1.907
-2.449 2.24 -2.165
-2.075 2.051 -2.543
-1.54 1.76 -2.728
-0.696 1.066 -2.705
-0.152 0.684 -2.736
-0.025 0.271 -2.876
-0.022 -0.135 -3.175
-0.046 -0.388 -3.521
-0.067 -0.358 -3.738
-0.035 -0.331 -3.493
0.097 -0.324 -3.213
0.648 -0.403 -2.771
1.1 -0.863 -2.554
1.274 -1.233 -2.342
1.44 -1.394 -2.021
1.684 -1.505 -2.035
1.912 -1.363 -2.521
2.048 -1.02 -2.717
1.869 -1.021 -2.841
1.768 -1.436 -2.799
1.867 -2.163 -2.493
2.223 -2.662 -1.795
2.441 -2.835 -0.693
2.921 -2.819 0.358
3.206 -2.727 1.477
3.368 -3.057 2.467
3.066 -3.001 2.772
2.276 -2.451 2.029
1.514 -2.706 1.507
1.027 -3.056 1.141
1.501 -3.819 0.932
2.282 -4.54 1.123
3.459 -4.172 1.692
4.38 -3.79 2.324
4.838 -3.445 3.074
4.915 -3.273 4.163
4.751 -3.006 4.6
4.844 -2.705 4.726
5.575 -2.848 3.96
6.474 -3.348 3.047
7.602 -2.927 2.225
8.454 -2.289 1.735
8.875 -1.535 1.855
9.729 -1.51 2.411
9.807 -1.859 2.945
8.387 -1.225 3.366
7.324 -1.775 3.297
6.29 -2.356 2.794
5.463 -2.275 2.946
4.615 -1.944 2.72
4.205 -1.655 2.905
4.077 -1.627 2.709
3.635 -1.465 2.818
3.547 -1.223 2.949
3.417 -1.17 2.913
2.877 -0.355 2.785
2.787 0.628 2.059
2.534 0.66 1.129
1.91 0.689 0.456
1.262 0.74 -0.451
0.817 0.813 -1.759
0.529 0.938 -2.1
-0.023 1.086 -2.037
-0.641 1.02 -1.824
-1.353 1.806 -1.875
-2.192 2.401 -1.394
-2.619 2.17 -1.099
-2.831 1.987 -0.533
-2.772 1.262 -0.522
-2.486 1.248 -0.642
-2.065 1.296 -0.897
-1.988 1.063 -1.04
-2.556 0.836 -0.953
-3.369 1.08 -0.634
-3.558 0.903 -0.45
-3.84 1.123 -0.241
-3.283 1.097 -0.294
-2.524 0.832 -0.429
-2.142 0.766 -0.541
-1.954 0.629 -0.538
-1.965 0.583 -0.191
-1.984 0.645 0.525
-1.777 0.684 1.222
-1.496 0.642 1.54
-1.355 0.638 1.567
-1.306 0.531 1.393
-1.511 0.46 1.046
-1.653 0.371 0.795
-1.876 0.205 0.836
-2.3 -0.03 1.123
-2.673 -0.079 1.675
-2.768 -0.054 2.179
-3.086 -0.272 2.625
-3.225 -0.486 2.768
-3.454 -0.722 3.068
-3.885 -0.779 3.27
-3.936 -1.486 3.426
-4.111 -2.216 3.428
-4.131 -2.83 3.162
-4.485 -2.728 2.829
-4.786 -2.438 3.072
-4.273 -2.522 3.876
-3.389 -2.451 5.187
-2.481 -2.223 6.314
-1.707 -2.138 6.907
-1.079 -2.597 6.768
-0.79 -3.345 5.686
-0.651 -3.45 3.816
-0.362 -3.45 1.564
-0.351 -3.855 -0.255
-0.92 -3.771 -1.652
-1.293 -3.877 -2.521
-1.5 -4.23 -3.191
-1.462 -4.238 -3.277
-1.195 -4.124 -3.441
-0.558 -3.962 -3.441
0.134 -3.497 -3.433
0.483 -3.061 -3.374
0.598 -2.729 -3.226
0.426 -2.525 -3.119
-0.227 -2.143 -3.117
-0.61 -1.955 -3.426
-1.057 -1.647 -3.928
-1.563 -1.0 -4.121
-1.665 -0.701 -4.002
-1.395 -0.459 -3.8
-1.066 -0.068 -3.61
-0.649 0.205 -3.326
-0.24 0.391 -2.744
0.232 0.464 -2.461
0.717 0.84 -2.835
1.343 0.532 -3.319
1.459 0.651 -3.762
1.572 0.775 -3.998
1.664 0.896 -3.84
1.946 1.341 -3.197
2.475 1.155 -2.265
3.253 0.695 -1.358
3.859 0.789 -0.369
3.999 0.917 0.486
3.676 0.946 0.756
2.869 0.886 1.077
1.738 0.607 1.409
0.754 0.167 1.716
-0.329 0.435 1.32
-0.891 0.633 0.283
-1.388 1.018 -1.252
-1.172 1.795 -2.584
-0.899 2.365 -3.248
-0.421 2.758 -3.224
0.102 3.042 -2.583
0.342 3.393 -1.945
0.903 3.459 -1.234
1.088 3.639 -0.817
0.953 3.456 -0.158
0.41 3.386 0.486
0.205 3.202 1.084
0.029 2.899 1.467
-0.067 2.765 2.087
0.274 2.979 2.654
0.687 3.285 3.095
0.799 3.146 3.967
0.969 3.064 4.733
1.182 2.206 4.786
-0.426 2.416 6.591