0.0000 0.0000 0.0000
7.155 -0.149 5.401
7.017 -0.143 5.361
6.979 0.069 5.523
7.306 0.708 5.315
7.731 0.767 4.956
7.664 0.354 4.547
7.863 0.043 3.997
8.077 0.323 3.408
7.769 0.609 3.015
7.931 0.6 2.602
8.121 0.574 2.462
8.265 0.577 2.578
8.301 0.304 2.622
8.031 -0.027 2.239
7.116 -0.404 1.963
5.947 -0.579 1.5
4.723 -0.538 1.358
3.82 -0.294 1.334
3.265 -0.291 1.442
2.956 -0.408 1.643
2.971 -0.531 1.944
2.777 -0.668 2.18
2.456 -0.989 2.376
1.978 -1.347 2.311
1.435 -1.462 2.114
1.171 -1.557 1.825
1.019 -1.574 1.763
0.84 -1.408 1.725
0.661 -1.284 1.914
0.509 -1.199 1.861
0.225 -1.165 1.537
-0.15 -1.272 1.124
-0.773 -1.3 0.857
-1.221 -1.351 0.84
-1.582 -1.492 0.911
-2.251 -1.041 0.699
-2.526 -0.687 0.655
-2.325 -0.954 0.641
-2.377 -1.117 0.534
-2.527 -0.833 0.11
-2.515 -0.595 -0.159
-2.428 -0.595 -0.212
-2.624 -0.717 -0.061
-2.922 -0.55 -0.15
-3.156 -0.504 -0.376
-3.478 -0.471 -0.795
-3.759 -0.131 -1.431
-3.728 0.218 -1.71
-3.907 0.213 -1.712
-3.964 0.33 -1.721
-4.266 0.366 -1.515
-4.503 0.544 -1.492
-4.527 0.766 -1.886
-4.686 0.948 -2.413
-4.812 1.241 -2.887
-4.675 1.436 -3.46
-4.191 1.594 -4.355
-3.797 1.529 -4.325
-4.159 1.6 -3.746
-4.251 2.052 -2.906
-3.826 2.261 -2.236
-3.185 1.965 -1.555
-2.685 1.596 -1.365
-2.408 2.152 -1.479
-1.9 2.385 -1.667
-1.641 1.94 -1.302
-2.184 1.875 -0.68
-2.603 2.377 -0.707
-2.869 2.562 -1.041
-2.711 1.917 -1.644
-2.785 1.545 -1.773
-3.015 1.433 -1.449
-3.316 1.583 -0.873
-3.735 1.907 -0.165
-3.999 2.001 -0.028
-3.737 1.956 -0.396
-3.518 1.924 -1.089
-3.149 1.766 -1.755
-2.765 1.831 -2.459
-2.359 1.863 -2.722
-1.968 1.616 -2.949
-1.789 1.636 -2.861
-1.73 2.136 -2.377
-1.609 2.043 -1.932
-1.448 1.511 -1.816
-1.303 1.368 -1.936
-1.156 1.266 -2.2
-0.988 0.846 -2.54
-0.855 0.563 -2.475
-0.7 0.774 -1.961
-0.156 1.041 -1.428
0.384 0.713 -1.285
0.889 -0.038 -1.743
0.912 -0.422 -2.069
0.614 -0.052 -2.767
0.845 -0.185 -2.981
1.252 -0.684 -2.795
1.653 -0.675 -2.352
2.004 -0.668 -1.78
2.312 -0.791 -1.628
2.245 -1.177 -1.931
1.977 -1.344 -2.419
1.555 -1.123 -3.099
0.9 -0.287 -3.168
0.637 -0.094 -2.636
1.022 -0.749 -2.139
1.42 -1.01 -1.762
1.441 -1.004 -1.223
1.771 -1.162 -0.644
2.12 -1.502 -0.494
2.028 -1.8 0.003
1.498 -2.068 0.511
0.71 -2.094 0.675
0.51 -2.35 0.289
0.442 -2.615 -0.239
0.432 -2.5 -0.284
0.518 -2.517 0.192
0.63 -2.869 1.069
0.308 -2.832 1.789
-0.041 -2.583 2.895
-0.528 -2.549 3.51
-0.216 -2.32 3.573
0.313 -2.053 2.759
1.402 -1.934 2.043
1.796 -1.577 1.511
2.108 -1.367 1.636
2.457 -1.412 2.033
3.099 -1.331 2.82
3.97 -1.594 3.417
5.124 -2.029 3.67
6.112 -1.947 3.622
6.285 -1.968 3.708
5.484 -1.719 4.484
4.979 -1.849 5.319
5.351 -2.078 5.382
6.867 -1.801 4.887
8.008 -1.664 4.062
8.353 -1.627 3.173
7.552 -1.723 2.58
6.047 -2.197 2.141
4.813 -2.227 2.082
3.668 -1.875 2.641
3.706 -0.92 2.765
4.155 -0.578 2.609
4.515 -0.477 2.356
4.201 -0.688 2.595
3.79 -2.36 3.033
3.092 -2.762 3.42
2.179 -2.417 3.112
1.841 -1.934 1.844
1.794 -1.085 0.47
1.46 -0.158 -0.274
1.271 -0.056 -0.212
0.971 0.069 0.817
0.383 0.666 2.278
0.353 0.892 3.455
0.662 1.303 4.135
0.82 1.897 4.23
0.842 1.767 3.867
0.792 2.03 3.179
0.661 1.982 2.335
0.371 2.06 1.343
0.04 2.155 0.76
0.028 2.138 0.038
0.059 2.131 -0.784
-0.032 1.987 -1.662
-0.434 1.848 -2.082
-1.011 1.646 -2.339
-1.453 1.085 -2.596
-2.126 0.916 -2.569
-2.413 0.842 -2.416
-2.258 0.232 -2.2
-2.351 0.045 -1.946
-2.694 0.006 -1.785
-2.717 0.04 -1.607
-2.79 -0.05 -1.205
-3.089 -0.105 -0.524
-3.064 -0.181 -0.032
-3.051 -0.318 0.108
-3.004 -0.519 -0.022
-2.928 -0.803 0.031
-3.023 -0.903 0.226
-3.057 -0.848 0.35
-3.078 -0.875 0.478
-3.305 -0.77 0.81
-3.44 -0.727 1.108
-3.268 -0.741 1.17
-3.364 -0.701 1.199
-3.631 -0.614 1.251
-3.664 -0.673 1.393
-3.884 -0.864 1.685
-4.021 -1.054 2.223
-4.024 -1.052 2.673
-3.923 -1.024 2.828
-3.729 -1.128 2.58
-3.649 -1.412 2.115
-3.551 -1.659 1.49
-3.498 -1.743 1.082
-3.312 -1.87 0.75
-3.006 -2.166 0.563
-2.568 -2.285 0.549
-2.001 -2.35 0.296
-1.99 -2.209 0.344
-2.153 -1.997 0.801
-2.05 -2.366 1.393
-2.181 -2.543 1.797
-1.747 -2.875 1.574
-1.331 -3.113 1.184
-0.621 -3.595 0.402
0.389 -3.89 -0.698
1.143 -3.656 -1.567
1.976 -3.213 -2.488
2.546 -3.09 -2.567
2.438 -2.764 -2.31
1.841 -2.47 -1.751
1.269 -2.283 -1.05
0.892 -2.055 -0.773
0.596 -1.815 -0.928
0.665 -1.633 -1.249
0.875 -1.479 -1.572
1.321 -1.27 -2.07
1.637 -1.048 -2.691
1.534 -0.599 -2.964
0.915 -0.065 -2.659
0.341 0.553 -1.928
0.255 1.023 -1.244
0.479 1.128 -0.964
0.225 1.601 -0.807
-0.073 2.139 -1.27
-0.307 2.296 -2.048
-0.431 2.264 -2.705
-0.052 2.417 -3.598
0.659 2.253 -3.298
1.291 2.105 -2.581
1.412 1.403 -0.952
1.564 1.151 -0.365
1.545 0.881 0.265
1.736 0.275 0.523
1.777 -0.019 0.177
1.703 -0.301 -0.658
1.472 -0.409 -1.808
1.196 -0.42 -2.661
0.731 -0.378 -2.671
0.219 -0.409 -2.266
0.05 -0.118 -1.651
0.045 -0.08 -0.719
0.041 -0.141 -0.164
-0.075 0.096 0.308
-0.214 0.354 0.493
-0.356 0.43 0.616
-0.269 0.43 0.554
-0.181 0.732 0.43
0.008 0.926 0.55
0.171 0.859 0.668
0.447 0.903 0.549
0.618 0.967 0.442
0.599 1.043 0.571
0.505 1.447 0.979
0.299 2.13 1.803
0.347 2.606 2.502
0.545 2.596 3.183
0.481 2.629 3.545
-0.152 2.228 3.682
-0.723 1.531 3.874