0.0000 0.0000 0.0000
7.629 -2.269 9.237
7.28 -2.154 8.322
7.37 -1.577 7.317
7.805 -0.824 6.361
8.318 -0.811 5.682
8.934 -0.799 5.209
9.247 -0.477 4.636
9.564 -0.878 3.914
9.236 -1.023 3.384
8.985 -0.946 2.865
8.233 -0.998 2.527
7.306 -0.864 2.334
6.515 -1.01 2.385
5.915 -1.305 2.474
5.419 -1.727 2.606
4.954 -1.976 2.388
4.424 -2.304 2.262
3.577 -2.824 2.32
2.624 -2.826 2.364
1.827 -2.44 2.532
0.929 -1.678 2.9
0.802 -1.192 3.041
1.049 -1.124 3.133
1.556 -1.132 2.837
1.719 -1.528 2.407
1.789 -1.754 1.95
1.92 -2.027 1.6
1.65 -2.427 1.311
0.925 -2.443 1.137
-0.209 -2.225 1.014
-0.99 -2.071 0.758
-1.313 -2.131 0.509
-1.923 -2.194 0.545
-2.36 -1.845 0.568
-2.624 -1.747 0.416
-2.637 -1.4 0.047
-2.52 -1.294 -0.207
-2.475 -1.251 -0.6
-2.848 -0.893 -0.945
-2.994 -0.631 -1.333
-3.324 -0.49 -1.527
-3.508 -0.381 -1.78
-3.563 -0.317 -2.136
-3.948 0.033 -2.474
-4.225 0.572 -2.364
-4.527 1.041 -1.947
-4.737 1.721 -1.545
-4.996 2.006 -1.537
-4.928 2.012 -1.659
-4.693 2.155 -2.071
-4.595 2.44 -2.907
-4.342 2.911 -3.245
-4.261 2.749 -3.058
-4.404 2.828 -3.071
-4.231 3.217 -2.747
-3.98 3.102 -2.317
-4.09 3.335 -2.24
-3.767 3.182 -2.172
-3.649 2.804 -2.084
-3.095 3.558 -2.013
-2.923 3.021 -1.751
-3.001 3.227 -1.456
-2.917 2.973 -1.146
-2.556 3.193 -1.014
-2.128 3.288 -0.637
-1.656 3.105 -0.823
-1.542 3.122 -1.56
-1.888 3.517 -2.153
-2.251 3.199 -2.386
-2.543 2.664 -2.794
-2.892 2.191 -2.842
-3.378 2.222 -2.756
-3.644 2.456 -2.92
-3.874 2.779 -3.111
-3.694 2.846 -3.213
-2.962 2.579 -3.4
-2.226 2.579 -3.336
-1.65 2.907 -3.063
-1.313 2.789 -2.601
-0.647 2.82 -1.953
0.029 2.84 -1.31
0.5 2.565 -0.791
0.751 2.618 -0.539
1.012 2.632 -0.459
1.445 2.352 -0.327
1.482 2.151 -0.234
1.282 1.944 -0.254
1.007 1.672 -0.461
0.768 1.393 -0.699
0.683 0.952 -1.103
0.77 0.555 -1.407
0.891 0.258 -1.533
1.121 -0.12 -1.397
1.319 -0.72 -1.585
1.221 -1.122 -1.711
0.634 -0.958 -1.695
-0.178 0.042 -1.551
-0.419 0.227 -1.534
-0.136 -0.398 -1.829
0.299 -1.194 -2.421
0.605 -1.695 -2.576
1.139 -2.301 -2.628
1.293 -2.063 -2.771
1.163 -1.167 -2.795
1.064 -1.222 -2.352
0.88 -1.652 -1.78
0.525 -1.667 -1.318
0.412 -1.733 -0.85
0.5 -1.672 -0.946
0.64 -1.66 -1.067
0.696 -2.201 -0.926
0.661 -2.351 -0.764
0.655 -2.435 -0.653
0.659 -2.545 -0.527
0.524 -2.601 -0.268
0.333 -2.806 0.224
-0.018 -3.18 0.822
-0.602 -3.448 1.231
-0.775 -3.81 1.556
-0.732 -4.291 2.202
-0.296 -4.5 2.611
0.482 -4.627 3.031
1.322 -4.811 3.495
2.482 -4.218 3.998
3.768 -3.261 4.374
4.641 -2.944 4.695
5.082 -2.382 5.156
5.125 -2.015 6.02
5.156 -1.555 6.857
5.373 -1.235 7.094
5.766 -0.922 6.496
6.189 -0.494 5.347
7.449 -0.324 3.916
8.213 -0.153 3.128
8.021 -0.164 2.772
7.253 0.136 2.589
6.554 0.484 2.373
6.217 0.419 2.179
6.026 0.023 1.806
5.63 -0.064 1.212
5.291 -0.549 0.789
4.392 -0.796 0.555
2.996 -0.345 0.766
2.015 -0.311 1.155
1.176 -0.064 1.307
1.334 -0.247 1.435
2.123 -1.119 1.351
1.945 -0.955 1.052
1.001 -0.394 0.87
0.133 -0.596 0.55
-0.767 -0.89 0.426
-1.862 -1.042 0.599
-2.09 -2.274 0.556
-2.165 -2.814 0.561
-2.138 -2.317 0.212
-1.769 -2.059 -0.084
-0.842 -1.836 -0.248
0.198 -0.971 -0.611
0.988 -0.581 -0.99
1.441 -0.264 -1.21
1.995 -0.505 -1.089
1.968 -0.179 -0.781
1.667 0.511 -0.281
1.139 0.752 -0.106
0.223 1.289 0.05
-0.686 1.341 0.269
-1.462 1.104 0.932
-1.919 0.95 1.399
-1.71 0.691 1.836
-1.315 0.208 1.618
-1.399 0.187 0.896
-1.698 0.427 0.281
-1.615 0.436 -0.677
-1.479 0.237 -1.489
-1.314 0.222 -1.736
-1.131 0.234 -1.657
-0.888 0.211 -1.224
-0.687 0.095 -0.792
-0.644 0.249 -0.575
-0.77 0.457 -0.448
-0.839 0.472 -0.231
-0.859 0.235 0.024
-0.928 0.03 0.194
-1.085 -0.041 0.347
-1.356 -0.063 0.269
-1.754 -0.108 0.052
-2.156 -0.39 -0.202
-2.622 -0.61 -0.225
-2.859 -0.687 0.081
-3.306 -0.997 0.426
-3.329 -0.768 0.918
-3.582 -0.907 1.05
-3.861 -0.626 1.049
-3.786 -0.658 0.935
-3.709 -0.739 0.859
-3.476 -0.725 0.928
-3.197 -0.782 1.301
-3.05 -1.143 1.584
-3.089 -1.667 1.883
-3.229 -1.664 1.927
-3.233 -1.575 1.803
-3.505 -1.452 1.787
-3.576 -1.281 1.884
-3.374 -1.222 1.885
-3.123 -1.255 1.912
-2.828 -1.362 1.798
-2.51 -1.657 1.713
-2.207 -1.646 1.525
-1.642 -1.774 1.32
-0.711 -1.916 1.068
-0.26 -1.966 0.849
-0.191 -1.959 0.652
-0.275 -2.125 0.612
-0.455 -2.481 0.758
-0.797 -2.672 0.803
-0.881 -2.793 0.722
-0.448 -2.772 0.676
-0.102 -2.616 0.393
0.097 -2.483 0.026
0.587 -2.666 -0.096
0.994 -2.451 -0.078
1.317 -2.533 -0.079
1.435 -2.478 -0.295
1.309 -2.377 -0.55
1.212 -2.311 -0.952
1.108 -2.218 -1.52
1.041 -1.807 -2.049
0.962 -1.264 -2.87
0.788 -0.767 -3.427
0.554 -0.354 -3.628
0.447 0.017 -3.601
0.333 0.161 -3.551
0.179 0.421 -3.67
0.205 0.715 -3.674
0.141 1.195 -3.444
0.247 1.653 -3.108
0.447 1.367 -3.133
0.436 1.273 -3.173
0.548 1.146 -3.649
0.717 1.273 -3.905
0.749 1.602 -3.678
0.829 1.657 -2.957
1.186 1.216 -2.17
1.377 1.042 -1.41
1.602 0.886 -0.976
2.286 0.703 -0.826
2.6 0.426 -1.019
2.539 0.383 -1.305
2.181 0.284 -1.597
1.618 0.23 -1.704
1.112 0.233 -1.629
0.414 0.123 -1.474
-0.1 0.447 -1.241
-0.418 0.644 -0.893
-0.764 1.114 -0.45
-0.558 1.468 -0.388
-0.037 1.536 -0.461
0.164 1.805 -0.122
0.415 1.711 0.329
0.425 1.686 0.365
0.253 1.767 0.329
-0.004 1.806 0.494
-0.081 1.462 1.186
-0.168 1.514 1.912
-0.185 1.905 2.626
0.022 1.999 3.087
0.476 2.213 3.683
0.963 2.69 3.927
1.298 3.11 3.982
1.633 3.385 3.325
1.332 3.426 2.665
0.57 2.876 3.14