6.198 0.203 8.297
6.138 -0.178 7.183
5.714 -0.496 6.629
5.798 -0.498 6.388
5.968 -0.388 5.939
6.414 -0.125 5.405
7.014 0.085 4.761
7.381 0.171 4.207
7.944 0.257 3.795
8.089 0.438 3.562
8.237 0.481 3.344
8.06 0.553 3.518
7.711 0.42 3.511
7.612 0.257 3.272
6.997 0.094 3.169
6.34 0.05 3.386
5.663 0.045 3.392
5.192 -0.131 3.234
4.871 -0.385 2.962
4.608 -0.7 2.787
4.164 -0.949 2.965
3.523 -1.069 3.159
2.671 -1.212 3.395
1.577 -1.203 3.254
0.962 -1.255 2.834
0.176 -0.931 2.498
-0.09 -0.45 2.343
0.107 -0.69 2.273
0.062 -0.948 2.166
-0.176 -1.017 1.993
-0.477 -1.062 1.888
-0.86 -1.231 1.242
-1.429 -1.591 0.592
-2.346 -1.595 -0.087
-2.844 -0.962 -0.767
-2.732 -0.564 -1.018
-2.502 -0.628 -1.382
-2.441 -0.832 -1.666
-2.895 -0.715 -2.042
-3.425 -0.6 -2.355
-4.073 -0.738 -2.507
-4.166 -0.716 -2.731
-4.266 -0.386 -3.078
-4.124 -0.097 -3.124
-3.875 -0.062 -3.182
-4.16 -0.021 -3.381
-4.589 0.084 -3.81
-4.854 0.136 -4.239
-4.929 0.26 -4.298
-4.97 0.648 -4.152
-5.3 1.091 -3.668
-5.158 1.516 -3.758
-4.72 1.529 -4.149
-4.274 1.367 -4.45
-4.372 1.351 -4.461
-4.788 1.362 -3.464
-4.999 1.312 -2.712
-4.732 1.457 -2.105
-4.06 1.63 -1.61
-3.309 1.622 -1.819
-2.22 1.132 -2.189
-1.239 1.269 -2.996
-0.71 1.444 -3.386
-0.45 1.11 -2.832
-0.663 1.455 -1.824
-1.562 1.965 -0.547
-2.294 2.173 0.368
-2.512 2.301 0.332
-2.658 1.76 0.488
-3.15 1.533 0.051
-3.507 1.69 -0.798
-3.243 1.796 -1.562
-2.91 2.099 -2.225
-2.455 2.001 -2.476
-1.891 1.706 -2.608
-1.529 1.587 -2.726
-1.385 1.911 -3.04
-1.126 2.272 -2.839
-0.78 2.096 -2.279
-0.513 1.792 -1.741
-0.082 1.242 -1.265
0.529 0.644 -0.863
1.122 0.321 -0.837
1.156 0.918 -1.115
1.446 1.024 -1.469
2.051 0.344 -2.003
2.113 0.172 -2.165
2.583 0.249 -2.164
2.988 -0.283 -1.508
2.818 -1.091 -0.504
1.761 -0.706 -0.177
0.637 0.139 -0.211
-0.047 -0.089 -1.043
-0.249 -0.537 -2.697
0.189 -0.828 -4.229
0.601 -0.771 -4.987
0.868 -0.711 -4.402
0.936 -0.692 -2.048
0.696 -0.674 0.086
0.351 -0.021 0.362
0.014 0.705 -0.621
-0.357 0.565 -1.766
-0.046 -0.637 -2.503
0.087 -1.702 -2.873
-0.041 -2.282 -2.698
-0.106 -2.528 -1.523
0.223 -2.43 -0.25
0.58 -2.221 0.584
1.47 -1.965 1.224
2.038 -1.596 1.351
2.291 -1.471 1.475
2.139 -1.487 1.37
1.641 -1.235 1.345
1.33 -1.336 1.676
1.576 -1.771 2.155
2.384 -1.87 2.163
3.249 -1.751 1.956
3.846 -1.473 1.924
4.013 -1.532 1.878
3.414 -1.008 1.975
2.21 -0.632 2.053
2.187 -0.982 2.141
3.21 -1.677 2.159
4.483 -1.923 1.935
5.009 -2.308 1.517
4.982 -2.439 1.753
4.148 -1.963 2.509
2.836 -1.025 3.163
2.251 -0.931 3.829
2.914 -1.924 3.782
3.579 -2.361 2.99
4.402 -2.262 2.079
4.427 -2.277 1.457
3.889 -2.248 1.665
2.837 -2.273 2.257
1.812 -1.856 3.247
1.837 -1.481 4.025
3.145 -1.384 3.838
4.502 -1.91 2.765
5.319 -1.813 2.135
5.322 -1.554 1.533
4.884 -1.77 1.328
4.077 -2.273 1.79
2.988 -2.184 2.163
2.155 -2.198 2.343
1.819 -1.642 1.988
1.645 -0.694 1.694
1.869 -0.314 1.43
2.139 0.268 1.399
2.235 0.629 1.104
1.873 0.713 1.217
1.29 1.124 1.501
0.816 0.684 1.558
0.484 0.943 1.85
0.238 1.478 1.277
-0.914 1.571 0.486
-1.642 1.613 -0.415
-2.227 1.193 -0.925
-2.349 0.918 -1.186
-2.114 0.723 -1.292
-2.006 0.53 -1.438
-2.107 0.236 -1.674
-2.336 -0.227 -2.023
-2.533 0.347 -1.778
-2.297 0.605 -1.505
-1.671 0.596 -1.234
-1.15 0.83 -1.585
-0.932 0.29 -1.891
-1.304 -0.074 -2.185
-1.605 -0.007 -2.397
-1.487 -0.04 -2.244
-1.313 -0.209 -2.011
-1.181 -0.222 -2.077
-1.106 -0.045 -2.171
-1.013 -0.118 -2.204
-0.946 -0.097 -1.966
-0.929 -0.131 -1.381
-1.008 -0.23 -0.631
-1.278 -0.207 -0.085
-1.469 -0.065 0.095
-1.434 0.027 0.257
-1.317 -0.079 0.438
-1.168 -0.088 0.851
-0.99 0.006 1.456
-0.926 0.186 2.086
-0.928 0.323 3.006
-1.145 0.291 3.878
-1.539 0.037 4.481
-1.894 -0.439 4.352
-2.334 -0.62 3.71
-2.936 -0.687 2.796
-3.229 -0.61 2.111
-3.785 -0.523 1.874
-4.174 -0.419 1.919
-4.101 -0.377 2.331
-3.579 -0.554 2.477
-3.169 -0.835 2.195
-2.947 -0.7 1.923
-2.738 -0.828 1.748
-2.585 -1.202 1.737
-2.611 -1.271 1.882
-2.738 -1.127 2.099
-2.679 -1.204 2.277
-2.386 -1.669 2.222
-1.931 -1.856 2.068
-1.514 -1.843 1.456
-1.052 -1.77 0.966
-0.714 -1.774 0.671
-0.531 -1.778 0.673
-0.254 -1.617 0.683
0.141 -1.585 0.796
0.687 -2.012 0.785
1.325 -2.363 0.37
1.52 -2.325 0.204
1.48 -2.445 -0.04
1.341 -2.813 -0.294
1.181 -2.79 -0.463
1.158 -2.39 -0.701
1.43 -2.263 -1.105
1.243 -2.563 -1.348
0.731 -2.505 -1.515
0.253 -2.245 -1.742
-0.461 -1.874 -1.896
-0.665 -1.652 -1.551
-0.71 -1.47 -1.284
-0.579 -1.288 -1.104
-0.038 -1.392 -1.131
0.594 -1.296 -1.63
0.758 -1.028 -2.053
1.036 -0.641 -2.149
1.51 -0.491 -2.081
1.419 -0.209 -1.924
1.406 0.233 -1.861
1.317 0.891 -1.908
0.858 1.207 -2.113
0.109 1.431 -2.471
-0.22 1.822 -2.758
-0.552 2.304 -2.836
-0.72 2.461 -2.931
-0.812 3.146 -3.578
-0.912 4.038 -3.478
-0.441 3.884 -3.191
0.128 3.495 -2.432
0.356 2.387 -1.56
0.838 1.218 -0.774
1.185 0.251 0.543
1.144 -0.29 1.385
1.116 -0.726 1.988
1.263 -1.111 1.634
1.257 -1.112 0.79
1.079 -1.181 -0.159
0.523 -1.167 -1.014
-0.407 -0.714 -1.214
-0.616 -0.668 -1.204
-0.839 -0.489 -1.015
-0.764 -0.294 -1.008
-0.498 0.019 -1.683
-0.379 0.75 -2.403
-0.169 0.752 -2.619
0.528 0.401 -2.978
0.889 0.602 -2.973
1.11 1.008 -2.52
1.439 1.295 -1.398
1.734 1.458 0.327
2.07 1.605 2.044
2.044 1.686 3.632
1.882 1.793 4.493
1.599 2.071 4.466
0.862 2.139 4.304
-0.129 2.124 4.184
-0.9 2.334 4.463
-1.474 2.16 4.637
-1.533 2.194 5.113
-1.897 2.699 5.257
-2.052 2.903 5.326
-2.097 2.604 5.052
-1.421 2.326 4.917
