0.0000 0.0000 0.0000
6.879 -0.718 7.685
6.605 -1.094 7.158
6.651 -0.959 6.33
6.658 -0.691 5.654
6.509 -0.354 5.382
6.462 -0.052 4.921
6.462 0.039 4.903
6.376 0.259 5.266
6.669 0.13 5.006
7.33 0.048 4.454
7.872 -0.008 3.733
8.274 -0.567 2.954
8.154 -1.441 2.719
7.562 -1.728 2.818
6.384 -1.805 3.424
5.323 -1.306 3.59
4.541 -0.951 3.507
3.63 -0.752 3.19
2.715 -0.531 2.914
2.331 -0.322 2.735
2.228 -0.428 2.479
2.375 -0.592 2.274
2.362 -0.628 1.969
2.117 -0.591 1.694
1.914 -0.592 1.465
1.585 -0.679 1.266
1.047 -0.758 1.157
0.64 -0.992 1.093
0.326 -1.16 0.992
-0.085 -1.415 0.919
-0.352 -1.566 0.732
-0.946 -1.634 0.504
-1.299 -1.643 0.401
-1.764 -1.642 0.31
-2.303 -1.512 0.106
-2.616 -1.387 0.009
-3.018 -1.179 -0.275
-3.095 -0.949 -0.678
-2.863 -0.734 -1.05
-2.387 -0.695 -1.324
-1.916 -0.746 -1.649
-1.69 -0.757 -1.708
-1.995 -0.656 -1.735
-2.579 -0.599 -1.639
-3.011 -0.47 -1.544
-3.58 -0.311 -1.502
-3.429 -0.159 -1.308
-3.319 0.209 -1.238
-3.013 0.464 -1.743
-2.737 0.737 -2.491
-3.007 1.266 -3.268
-3.344 1.527 -4.139
-3.44 1.944 -5.001
-3.501 1.508 -5.466
-3.875 0.986 -5.712
-4.763 0.853 -5.072
-5.157 0.871 -4.013
-5.788 1.301 -2.914
-5.709 1.223 -1.622
-5.353 1.626 -0.926
-4.947 2.032 -1.316
-4.332 2.182 -1.753
-4.097 2.326 -2.043
-3.929 2.507 -1.916
-4.061 2.644 -1.638
-4.293 2.733 -1.285
-4.062 2.443 -1.139
-3.871 2.233 -1.335
-3.941 2.234 -1.9
-4.159 2.329 -2.718
-4.027 2.639 -3.412
-3.711 2.884 -3.372
-3.064 2.828 -3.061
-2.102 2.786 -2.686
-1.228 3.171 -2.253
-0.752 2.958 -2.028
-0.134 2.507 -2.187
0.12 2.954 -2.003
0.306 3.486 -2.052
0.81 3.62 -1.64
1.143 3.413 -1.226
1.356 2.899 -1.069
1.479 2.437 -1.212
1.529 2.004 -1.608
1.574 1.415 -1.757
1.606 1.007 -1.728
1.747 0.372 -1.788
1.926 -0.354 -1.652
1.897 -0.888 -1.366
1.966 -1.075 -1.281
1.787 -0.347 -1.214
1.815 0.153 -0.834
2.228 -0.387 -0.647
1.962 -0.668 -0.418
1.016 0.045 -0.419
0.716 0.325 -0.352
0.756 -0.465 -0.825
0.81 -0.686 -1.854
0.988 -1.014 -2.608
1.121 -1.404 -2.908
0.845 -1.462 -2.143
0.442 -1.341 -0.791
0.294 -1.112 0.727
0.592 -1.199 1.749
0.705 -1.071 1.694
0.359 -0.955 0.844
-0.021 -1.445 -0.032
-0.596 -2.387 -1.184
-1.433 -2.596 -2.177
-1.531 -2.656 -2.804
-1.007 -2.502 -2.67
0.015 -2.596 -1.671
0.772 -2.578 -0.305
1.617 -2.415 0.983
1.998 -2.648 1.513
1.859 -2.383 1.784
1.423 -1.817 1.347
1.074 -1.782 1.057
1.251 -2.078 0.753
1.832 -2.094 0.531
2.563 -1.902 0.358
3.315 -1.841 0.529
3.233 -1.553 1.519
2.987 -1.355 2.444
3.042 -1.245 2.975
3.496 -1.155 2.152
4.0 -1.048 1.04
4.358 -0.978 -0.071
4.121 -1.182 0.004
3.717 -1.589 0.615
3.259 -1.766 1.209
2.89 -1.788 1.579
3.101 -2.169 1.395
3.463 -2.564 1.118
3.789 -3.549 1.11
4.35 -3.746 1.654
4.802 -2.983 1.807
4.831 -2.555 2.359
5.08 -2.627 2.39
5.339 -2.606 1.996
5.09 -2.518 1.167
4.589 -2.395 0.042
4.13 -2.681 -0.875
3.622 -3.008 -0.813
3.088 -3.129 -0.137
2.813 -3.101 1.117
2.722 -3.135 2.203
3.113 -3.623 3.052
3.543 -4.14 3.272
3.421 -3.959 2.772
2.743 -3.175 1.728
2.305 -2.564 0.797
1.902 -2.265 0.536
1.169 -1.78 1.017
0.535 -0.766 2.242
-0.19 -0.267 3.871
0.078 -0.24 4.191
0.311 -0.018 4.47
0.366 0.923 4.497
0.114 1.632 4.254
0.456 3.21 3.285
0.471 3.509 2.629
0.105 3.124 1.763
-1.051 2.941 0.397
-1.73 2.474 -1.279
-2.29 1.434 -2.841
-2.578 1.161 -3.97
-2.777 1.459 -4.366
-2.603 1.597 -4.205
-2.523 1.325 -3.621
-2.642 1.606 -2.457
-2.507 1.48 -1.358
-2.506 0.962 -0.757
-2.781 0.805 -0.509
-2.83 0.793 -0.38
-2.944 0.326 -0.377
-3.166 0.345 -0.304
-3.091 0.285 -0.291
-2.834 0.222 -0.288
-2.559 0.148 -0.233
-2.389 0.064 -0.218
-2.305 0.075 -0.145
-2.204 0.093 0.033
-2.087 0.084 0.452
-2.094 0.058 0.984
-2.264 0.431 1.566
-2.477 0.457 2.082
-2.47 0.317 2.417
-2.387 0.069 2.692
-2.605 -0.1 2.845
-2.982 0.073 2.983
-3.003 0.014 2.917
-3.047 -0.151 2.884
-2.958 -0.213 3.001
-2.791 -0.261 3.011
-2.642 -0.433 3.037
-2.558 -0.777 2.958
-2.449 -1.199 2.989
-2.264 -1.312 2.794
-2.055 -1.25 2.325
-1.772 -1.271 1.911
-1.612 -1.386 1.78
-1.485 -1.73 1.878
-1.397 -1.875 1.759
-1.283 -2.102 1.325
-1.103 -2.228 1.097
-0.76 -2.401 0.703
-0.339 -2.635 0.297
0.073 -2.613 -0.017
0.298 -2.645 -0.325
-0.049 -2.914 -0.551
-0.553 -2.735 -0.617
-1.015 -2.582 -0.529
-1.215 -2.626 -0.562
-1.292 -3.018 -0.54
-1.309 -2.94 -0.581
-1.049 -2.827 -0.825
-0.763 -2.544 -1.268
-0.583 -2.385 -1.572
-0.482 -2.086 -1.785
-0.373 -1.731 -2.012
-0.465 -1.463 -2.173
-0.651 -1.049 -2.541
-1.051 -0.487 -2.96
-1.153 -0.206 -3.034
-0.883 -0.082 -2.524
-0.346 0.012 -1.772
0.205 -0.083 -1.275
0.581 -0.084 -1.131
0.816 0.027 -1.336
0.872 -0.069 -1.556
0.457 -0.037 -1.969
-0.131 -0.041 -2.074
-0.592 -0.158 -2.039
-0.739 -0.306 -2.137
-0.346 -0.654 -2.423
0.179 -0.606 -2.56
1.04 0.1 -2.7
2.108 0.4 -2.732
2.768 0.903 -2.665
2.767 1.632 -2.313
2.705 2.141 -1.849
2.693 2.168 -1.534
2.588 2.287 -1.277
2.467 2.11 -1.331
2.272 1.951 -1.413
2.019 1.721 -1.306
1.705 1.454 -1.081
1.319 1.283 -0.774
0.92 1.042 -0.826
0.612 1.059 -1.037
0.43 1.151 -1.312
0.31 1.2 -1.431
0.192 1.614 -1.417
0.113 1.927 -0.81
0.058 1.837 -0.341
0.044 1.714 -0.117
0.048 1.603 -0.088
-0.033 1.486 -0.122
-0.142 1.509 -0.188
-0.205 1.6 -0.272
-0.099 1.543 -0.202
-0.106 1.751 -0.104
-0.138 1.834 0.043
-0.15 1.771 0.289
-0.196 1.568 0.57
-0.547 1.265 0.651
-0.931 1.233 0.939
-0.933 1.213 1.414
-0.805 1.032 1.971
-0.509 0.989 3.136
-0.174 0.864 4.175
0.006 0.95 5.197
0.006 1.044 5.901
-0.175 0.716 6.638
-0.614 0.144 6.991
-1.372 -0.429 6.723
-1.984 -0.55 6.482
-2.191 -0.53 5.489
