0.0000 0.0000 0.0000
1.38 1.281 10.168
0.216 0.998 8.875
-0.416 0.251 7.729
-1.211 0.519 7.646
-1.865 0.76 6.579
-1.929 1.201 5.352
-2.391 1.521 4.809
-2.876 1.567 4.121
-3.519 1.367 4.252
-4.512 0.963 4.18
-5.121 0.798 3.779
-5.858 0.839 3.556
-6.393 0.436 3.519
-7.021 -0.124 4.038
-7.56 -0.792 4.979
-8.062 -1.23 5.101
-7.756 -1.78 4.798
-6.885 -2.196 3.879
-6.214 -2.554 2.749
-5.817 -2.497 2.026
-5.571 -2.713 1.755
-5.41 -3.174 2.501
-5.352 -3.115 3.475
-4.455 -3.346 4.395
-3.406 -4.02 4.239
-2.091 -4.437 4.022
-0.348 -4.743 4.422
1.961 -4.743 4.479
4.308 -4.82 4.686
6.256 -4.312 4.606
7.526 -3.95 4.895
8.644 -3.925 4.966
9.788 -3.809 3.848
11.059 -3.66 2.3
12.047 -3.32 0.734
11.997 -3.014 -0.14
11.573 -2.48 -0.29
11.493 -1.646 -0.562
12.025 -0.723 -1.334
12.443 -0.271 -2.191
12.491 1.108 -3.722
11.449 2.325 -4.134
10.183 2.782 -4.996
9.061 3.236 -5.341
7.44 3.025 -4.686
5.351 2.705 -3.787
3.609 2.736 -2.822
1.964 2.333 -2.169
0.992 2.229 -1.719
0.513 2.187 -2.056
-0.149 2.141 -2.678
-0.522 2.676 -3.056
-0.582 2.788 -3.121
-1.015 2.742 -2.861
-1.853 2.743 -2.187
-2.572 2.374 -1.778
-2.884 2.111 -1.213
-2.889 2.055 -1.031
-2.738 1.953 -1.186
-2.921 2.025 -1.594
-3.068 2.382 -1.658
-2.968 2.618 -1.449
-2.887 2.382 -1.003
-3.193 2.17 -0.29
-3.261 1.815 0.238
-3.194 1.504 0.421
-3.279 1.293 0.542
-2.994 1.198 0.186
-2.807 1.165 -0.047
-2.819 1.281 0.129
-3.192 1.627 0.711
-3.313 1.697 1.622
-3.352 1.587 2.451
-2.655 1.679 2.939
-2.07 2.148 3.49
-1.699 2.649 4.666
-1.9 2.91 6.018
-2.598 2.903 7.347
-3.545 2.966 8.319
-4.0 2.988 8.702
-3.195 2.871 8.358
-2.203 2.463 7.97
-1.155 2.26 7.725
-0.609 2.051 7.771
-0.117 1.846 7.407
-0.364 1.299 6.77
-0.595 0.54 4.921
-0.707 0.089 2.696
-0.473 -0.591 1.013
0.306 -1.738 0.317
0.612 -3.03 0.104
0.395 -3.408 -0.733
0.39 -3.782 -1.487
0.437 -4.059 -2.519
0.531 -3.86 -3.465
0.961 -3.767 -4.308
1.365 -3.442 -4.351
1.831 -3.287 -3.985
2.519 -3.398 -4.353
2.5 -3.351 -5.237
2.232 -2.456 -6.178
2.009 -1.865 -6.853
1.817 -1.825 -7.237
1.618 -2.1 -7.185
1.232 -1.743 -6.639
0.893 -1.457 -6.509
1.062 -1.526 -7.238
1.042 -1.425 -8.22
0.86 -1.352 -8.467
0.171 -1.518 -8.06
-0.759 -1.263 -7.418
-1.631 -1.085 -7.331
-1.882 -0.407 -7.201
-1.418 -0.212 -7.524
-0.957 -0.139 -7.9
-0.965 0.09 -7.929
-1.204 0.908 -7.619
-1.506 1.559 -6.314
-1.898 2.17 -4.907
-1.588 2.237 -3.485
-0.869 1.755 -2.749
-0.653 1.769 -2.465
-0.76 2.066 -2.003
-1.149 2.661 -1.553
-1.034 2.653 -0.855
-0.405 2.802 -0.622
0.083 3.125 -0.112
0.497 3.054 0.562
0.628 2.972 1.195
0.712 2.916 1.843
0.891 2.944 1.831
1.258 3.14 1.898
1.331 2.869 1.647
1.344 2.522 1.672
1.296 2.184 2.367
1.64 1.991 2.975
1.898 1.783 3.289
2.346 1.312 3.21
2.672 1.026 3.113
2.999 0.975 2.845
3.699 1.162 2.785
4.484 1.037 2.653
4.786 0.838 2.844
5.255 0.556 3.077
5.729 -0.059 3.028
5.941 -0.656 3.139
5.528 -1.194 3.704
4.932 -0.954 3.945
4.792 -1.065 4.068
5.028 -0.769 3.015
5.387 -0.494 1.713
6.184 0.08 0.74
6.126 0.176 0.589
5.496 -0.755 1.064
4.49 -1.179 1.975
2.937 -1.802 2.786
1.549 -2.277 3.231
0.136 -2.558 3.098
-1.118 -2.474 2.71
-1.179 -2.21 2.043
-0.535 -1.92 1.399
-0.016 -1.555 1.147
0.192 -1.348 1.179
0.25 -1.17 0.94
0.113 -0.932 0.165
-0.622 -0.951 -0.29
-1.792 -0.882 -0.339
-2.681 -0.863 -0.132
-3.482 -0.768 0.009
-4.134 -0.829 0.396
-4.479 -0.737 0.96
-4.781 -0.569 1.243
-5.147 -0.365 1.282
-5.744 -0.13 1.085
-6.299 0.011 0.606
-6.884 0.26 -0.281
-7.446 0.13 -0.856
-8.114 -0.045 -1.167
-9.156 0.036 -0.499
-9.378 1.015 -0.638
-9.069 1.379 -0.747
-8.188 1.551 -1.5
-7.275 1.465 -1.375
-6.323 1.335 0.071
-5.122 1.176 1.176
-4.42 2.101 1.127
-3.918 3.063 0.135
-3.526 3.36 -0.653
-3.363 2.955 -1.131
-3.742 2.436 -0.319
-3.6 1.752 0.013
-2.577 1.181 -0.134
-1.638 1.588 -0.051
-0.035 2.921 -0.106
1.424 3.421 -0.742
2.463 2.959 -0.978
2.578 2.671 -1.199
2.39 2.335 -1.131
2.34 1.74 -0.527
2.313 1.643 0.06
2.426 1.755 -0.023
2.477 1.329 -0.365
2.229 1.084 -1.148
2.023 0.924 -1.903
2.036 0.306 -1.498
2.29 0.232 -0.727
2.483 0.588 -0.404
2.726 0.357 -0.579
2.617 -0.014 -1.176
2.252 -0.004 -1.679
1.932 -0.374 -2.158
1.497 -0.949 -2.571
1.158 -1.285 -2.728
0.982 -1.82 -2.636
0.901 -2.052 -2.588
0.888 -2.277 -2.7
0.765 -2.532 -2.352
0.628 -2.443 -2.306
0.496 -2.5 -2.998
0.377 -2.879 -3.543
0.245 -2.988 -3.843
0.203 -2.913 -4.442
0.269 -2.777 -4.859
0.156 -2.663 -5.296
0.244 -2.19 -5.757
0.607 -2.1 -5.578
0.813 -2.329 -4.925
0.732 -2.45 -4.459
0.581 -2.351 -3.875
0.609 -2.59 -3.298
0.583 -3.098 -2.701
0.369 -3.021 -2.025
0.108 -2.891 -2.28
-0.048 -2.757 -2.733
-0.25 -2.723 -2.804
-0.337 -2.183 -2.817
-0.157 -1.905 -2.949
0.375 -1.99 -1.766
1.363 -2.024 -0.365
1.709 -1.657 1.041
1.513 -1.75 1.928
1.318 -2.084 2.468
0.945 -2.073 3.893
1.143 -2.142 5.417
1.133 -2.703 7.34
1.045 -3.984 9.89
0.889 -4.138 13.133
1.093 -3.982 14.492
1.768 -3.541 14.887
2.703 -2.463 14.51
3.389 -1.096 14.714
3.438 -0.193 17.052
3.336 0.058 19.88
1.726 0.112 22.245
-0.738 1.92 23.02
-3.009 4.063 22.735
-5.724 5.812 20.763
-7.738 7.79 16.549
-7.309 8.054 12.627
-5.397 6.482 8.813
-2.849 4.765 4.527
-0.073 3.599 -0.174
1.916 3.204 -5.155
2.991 2.927 -9.139
3.244 2.875 -11.63
2.807 2.717 -12.656
1.768 2.514 -11.994
1.005 1.97 -10.432
0.258 0.678 -8.432
-0.396 0.205 -6.701
-0.83 -0.469 -5.703
-0.997 -0.931 -4.831
-1.044 -1.036 -4.331
-0.879 -0.717 -3.708
-0.576 -0.464 -3.492
-0.096 -0.288 -3.565
0.154 -0.277 -3.588
0.027 -0.318 -3.359
-0.122 -0.846 -3.6
-0.471 -1.072 -3.749
-0.76 -1.258 -3.727
-1.072 -1.347 -3.622
-1.292 -1.376 -3.526
-1.56 -1.17 -3.286
-1.714 -1.113 -2.992
-1.775 -1.053 -2.701
-1.779 -0.991 -2.595
-1.67 -0.944 -2.602
-1.554 -0.875 -2.644
-1.451 -0.753 -2.595
-1.469 -0.609 -2.689
-1.676 -0.488 -2.756
-2.025 -0.516 -2.627
-2.486 -0.611 -2.459
-2.927 -0.826 -2.032
-3.47 -1.269 -1.337
-3.821 -1.487 -1.109
-3.991 -1.329 -1.282
-3.911 -1.257 -1.516
-4.45 -1.209 -1.787
-5.083 -1.122 -1.832
-5.91 -1.458 -1.339
-5.957 -1.631 -0.369
-5.43 -2.045 1.055
-4.723 -2.082 1.51
-4.199 -1.951 1.566
-4.09 -2.032 1.409
-4.948 -1.889 1.354
-5.487 -2.174 1.71
-5.24 -2.517 2.134
-4.63 -3.369 2.481
-3.856 -3.583 2.629
-2.85 -3.527 2.469
-1.591 -4.156 2.627
-0.51 -4.327 2.434
1.014 -4.127 2.233
2.611 -3.843 1.691
3.961 -3.399 1.375
5.401 -2.843 1.445
6.542 -2.654 1.464
7.585 -3.0 1.343
8.094 -3.01 1.097
8.293 -2.916 0.685
8.101 -2.495 0.091
7.515 -2.228 0.047
7.1 -1.885 0.387
7.286 -1.136 0.995
8.695 -0.393 1.852
10.385 -0.492 2.4
11.484 -0.374 1.522
10.836 0.051 0.482
9.537 0.537 -1.031
8.023 1.259 -2.341
7.031 2.003 -3.064
6.862 2.811 -3.171
6.667 3.573 -2.552
6.311 4.086 -2.4
5.671 4.393 -2.376
4.862 4.574 -2.224
3.919 4.746 -1.769
2.838 4.754 -1.48
2.451 4.589 -1.711
1.688 4.139 -1.98
0.494 3.75 -2.083
-0.822 3.531 -1.953
-1.705 3.169 -1.938
-2.844 2.783 -1.96
-3.137 2.755 -1.591
-3.617 2.074 -1.777
-4.091 2.108 -0.892
-4.044 2.354 -0.329
-3.7 2.049 -0.296
-3.476 1.819 -0.56
-3.611 1.938 -0.417
-3.647 2.219 -0.169
-3.454 2.324 0.123
-3.35 2.686 0.869
-2.825 2.564 1.394
-2.5 2.282 1.66
-2.551 1.778 2.157