2.182 0.321 7.837
1.955 0.393 6.855
1.553 0.517 5.791
1.165 0.707 4.815
0.6 0.705 4.014
-0.278 0.729 3.665
-0.931 0.32 3.695
-1.484 -0.133 3.972
-2.327 0.026 4.229
-2.767 0.264 4.134
-3.498 0.134 3.772
-4.286 -0.128 3.042
-5.262 -0.322 2.151
-6.098 -0.238 1.686
-6.988 -0.249 1.466
-8.125 -0.517 1.345
-8.821 -0.948 1.409
-9.516 -1.474 2.112
-9.693 -1.843 2.539
-8.991 -1.788 2.587
-7.015 -1.54 2.716
-5.477 -1.524 3.522
-4.653 -1.467 4.117
-4.24 -1.389 4.076
-3.807 -1.776 4.281
-3.452 -2.279 4.706
-3.426 -2.413 4.701
-3.445 -2.921 5.273
-3.213 -3.845 5.694
-2.323 -4.425 6.28
-0.599 -4.948 5.781
1.08 -5.763 5.168
2.489 -6.109 4.488
3.654 -6.455 4.168
5.236 -6.49 4.199
6.954 -6.298 4.029
8.671 -5.866 3.583
10.468 -5.15 2.294
12.42 -4.265 0.505
13.462 -3.364 -1.122
14.055 -2.511 -2.346
14.098 -1.51 -2.853
13.903 -0.617 -2.869
13.685 0.236 -3.151
12.928 0.704 -3.758
11.817 1.314 -4.115
10.281 1.7 -3.815
8.771 2.159 -3.572
7.213 2.607 -3.016
6.164 3.199 -2.542
5.771 3.621 -2.408
4.996 4.164 -2.952
4.264 4.445 -3.898
2.906 4.208 -4.577
1.771 3.925 -5.214
-0.232 3.368 -5.046
-1.89 3.256 -5.291
-3.209 3.551 -4.857
-3.647 3.661 -4.388
-3.618 3.45 -3.311
-3.808 3.355 -1.722
-4.332 3.218 0.027
-4.821 2.749 0.981
-4.546 2.543 0.124
-3.72 2.263 -1.663
-2.986 2.054 -2.652
-2.817 2.503 -2.369
-2.992 2.9 -1.365
-3.443 3.135 0.038
-3.9 2.486 2.275
-3.949 2.633 4.417
-3.494 2.991 4.432
-2.343 3.838 3.101
-0.997 4.212 1.964
-0.63 4.601 1.974
-1.067 4.495 3.035
-1.951 4.269 4.05
-3.04 3.627 5.766
-4.202 3.781 6.456
-4.945 4.058 6.638
-5.2 3.868 6.827
-4.749 4.058 6.584
-4.3 3.963 7.58
-3.922 3.661 8.038
-3.486 3.217 8.035
-2.862 2.465 7.689
-2.033 1.899 7.514
-1.605 1.451 7.228
-1.022 0.995 6.092
-0.463 0.163 4.655
-0.15 -0.912 1.802
0.33 -2.398 0.079
0.038 -3.313 0.614
-0.154 -4.094 0.785
-0.173 -4.943 0.491
-0.19 -5.604 -0.505
0.172 -5.655 -2.54
1.043 -5.9 -4.958
1.542 -5.973 -7.832
1.62 -5.704 -9.816
1.57 -5.581 -10.601
1.275 -5.549 -11.084
0.536 -5.296 -11.096
-0.112 -4.611 -10.883
-0.523 -4.4 -10.777
-0.307 -3.986 -9.742
-0.198 -3.346 -8.846
0.484 -3.037 -8.564
1.237 -2.052 -8.88
1.596 -1.244 -9.569
1.221 -0.516 -10.465
0.728 0.535 -10.634
0.371 0.955 -10.002
0.058 1.678 -8.958
0.035 2.252 -7.83
0.161 2.354 -6.443
0.179 2.575 -4.868
0.075 2.982 -3.666
0.007 3.425 -2.748
0.187 3.254 -2.369
0.427 3.093 -2.641
0.471 3.818 -2.489
0.501 4.16 -1.904
0.606 3.968 -0.713
0.606 3.7 0.477
0.7 3.425 1.722
0.871 3.341 2.748
0.982 3.024 3.24
1.005 2.592 3.658
0.741 2.652 4.361
0.666 2.706 4.829
0.919 2.09 4.752
1.551 1.485 4.018
2.12 1.474 3.375
2.856 1.439 3.459
3.329 1.364 3.303
3.72 1.288 3.042
3.658 1.15 2.539
3.413 0.863 1.992
3.123 0.371 1.25
3.147 -0.018 0.978
3.651 -0.266 1.441
3.95 -0.722 1.874
4.192 -0.909 2.238
4.057 -1.102 2.652
3.91 -1.492 3.059
3.666 -1.989 2.779
3.325 -2.178 2.355
3.001 -1.253 1.214
3.33 -0.369 0.101
4.152 -0.177 -0.33
4.452 -0.59 0.021
4.558 -0.755 0.907
3.913 -0.938 1.471
2.97 -0.939 2.203
2.027 -0.932 2.836
1.057 -1.106 2.759
0.511 -1.288 2.276
0.409 -1.021 1.626
0.704 -0.617 1.007
1.056 -0.694 1.277
1.028 -0.581 2.166
0.554 -0.497 2.992
0.0 -0.249 3.426
-0.379 0.077 2.902
-0.841 0.172 2.189
-1.369 0.121 2.238
-2.034 0.057 2.686
-2.64 -0.129 2.969
-3.48 -0.668 3.198
-4.623 -0.928 3.447
-5.617 -0.792 3.412
-6.495 -0.773 3.726
-7.121 -0.394 3.647
-7.736 0.48 2.92
-8.453 1.725 1.137
-8.72 2.139 -1.234
-8.598 1.442 -3.602
-8.746 0.893 -5.862
-9.078 1.122 -7.318
-9.308 1.518 -7.612
-9.213 1.461 -6.894
-8.533 0.979 -5.239
-8.275 0.683 -2.905
-7.783 0.804 -1.675
-7.057 1.336 -1.352
-5.998 1.392 -1.596
-4.294 1.235 -1.885
-3.046 1.362 -1.576
-2.397 1.536 -0.961
-1.717 1.529 -0.296
-1.046 1.626 0.232
-0.252 1.885 0.183
0.772 1.688 -0.032
1.238 1.424 -0.193
1.132 1.48 -0.303
1.13 1.582 -0.143
1.672 1.639 -0.284
2.083 1.544 -0.531
2.478 1.735 -0.754
2.971 1.613 -1.023
3.113 1.486 -0.973
3.009 1.346 -0.522
3.096 1.185 -0.211
2.872 0.938 -0.216
2.361 0.723 -0.341
2.004 0.401 -0.462
1.95 -0.138 -0.467
2.117 -0.185 -0.601
2.155 -0.278 -0.877
2.276 -0.423 -0.936
2.471 -0.492 -0.791
2.508 -0.572 -0.694
2.412 -0.825 -0.763
2.197 -1.32 -1.186
1.934 -1.817 -1.507
1.654 -2.17 -2.063
1.437 -2.556 -2.676
1.388 -2.697 -3.192
1.379 -2.574 -3.494
1.301 -2.575 -3.834
1.154 -2.766 -3.924
0.935 -2.894 -4.032
0.643 -2.941 -3.922
0.363 -2.776 -3.814
0.327 -2.464 -3.363
0.708 -2.45 -3.708
1.482 -2.584 -4.44
2.23 -2.412 -4.384
2.369 -2.593 -4.316
2.365 -2.773 -4.402
2.051 -2.53 -3.72
1.492 -2.26 -2.659
0.705 -2.499 -2.186
-0.416 -2.62 -1.372
-1.142 -3.16 -0.847
-1.657 -3.438 -1.159
-1.922 -3.491 -1.638
-2.333 -3.228 -1.646
-2.229 -2.75 -1.025
-2.006 -2.251 0.387
-1.728 -1.819 1.719
-0.684 -1.413 2.814
0.478 -1.108 3.248
1.602 -1.281 3.569
2.304 -1.11 3.971
2.16 -0.801 5.065
1.745 -0.652 7.178
1.7 -0.138 10.046
2.504 -0.659 12.868
4.012 -1.058 16.201
5.507 -1.461 19.52
5.516 -1.513 22.963
4.508 -1.008 26.106
3.074 0.117 27.055
1.87 1.554 25.651
1.149 3.148 22.663
0.396 5.186 17.923
-0.048 6.641 13.278
-0.663 7.64 8.761
-1.036 7.445 4.704
-1.217 6.451 2.226
-1.638 5.142 0.227
-1.931 3.464 -1.915
-1.919 2.333 -4.852
-1.52 1.669 -7.323
-0.713 1.493 -8.685
0.012 1.456 -9.333
0.968 1.078 -9.374
1.095 0.823 -9.454
0.934 0.077 -8.982
0.427 -0.55 -8.153
-0.356 -0.59 -7.493
-0.614 -0.634 -6.666
-0.897 -0.924 -5.775
-1.135 -1.22 -4.689
-1.194 -1.494 -3.927
-1.074 -1.689 -3.862
-1.053 -1.451 -3.751
-1.017 -1.504 -3.54
-1.156 -1.449 -3.272
-1.377 -1.373 -3.031
-1.489 -1.373 -2.831
-1.53 -1.305 -2.764
-1.489 -1.295 -2.815
-1.452 -1.226 -2.843
-1.505 -1.155 -2.757
-1.621 -1.229 -2.688
-1.701 -1.322 -2.454
-2.229 -1.284 -2.329
-2.463 -1.087 -2.536
-2.725 -0.892 -2.808
-2.926 -0.639 -2.794
-2.987 -0.48 -2.472
-3.171 -0.466 -1.888
-3.345 -0.515 -1.165
-4.097 -1.041 -0.531
-4.833 -1.255 -0.625
-5.074 -1.199 -0.976
-4.954 -1.148 -1.421
-4.683 -0.792 -2.012
-4.361 -0.359 -2.474
-4.183 -0.245 -2.322
-4.472 -0.23 -1.848
-5.481 -0.37 -1.06
-5.924 -0.781 -0.428
-6.426 -1.212 0.2
-6.025 -1.289 0.533
-4.681 -1.41 0.894
-3.153 -1.726 1.528
-2.631 -1.993 1.953
-2.6 -2.388 1.947
-3.168 -2.821 1.916
-3.118 -3.625 1.845
-2.436 -4.237 2.229
-1.252 -4.192 2.567
0.216 -4.264 3.241
1.669 -3.95 3.623
3.062 -3.96 3.623
4.436 -4.029 3.097
5.13 -3.721 2.503
6.177 -3.444 2.132
7.154 -3.375 1.815
7.964 -2.908 1.142
8.719 -2.669 0.373
8.752 -2.411 -0.017
8.101 -2.014 0.622
7.799 -1.58 1.025
8.261 -0.793 1.396
9.176 -0.3 0.929
10.275 0.557 -0.602
10.945 1.018 -2.369
10.299 1.468 -3.658
9.234 2.269 -3.912
7.975 2.395 -2.909
6.539 2.216 -1.282
5.515 2.141 0.017
4.912 2.229 1.343
4.601 2.325 1.984
4.348 2.73 1.76
3.87 2.569 0.808
3.337 2.243 -0.858
2.537 2.467 -2.151
1.801 2.375 -3.229
0.974 2.301 -3.561
-0.113 2.442 -2.756
-0.912 2.413 -1.593
-2.002 2.18 -0.305
-3.129 1.738 0.44
-3.661 1.823 0.586
-4.036 1.847 0.562
-4.046 2.016 0.368
-3.745 2.288 -0.039
-3.396 2.473 -0.302
-3.065 2.665 -0.539
-2.715 2.804 -0.744
