0.0000 0.0000 0.0000
2.785 1.513 8.539
2.929 1.319 7.461
2.929 1.084 7.068
2.696 1.217 5.87
2.547 1.112 4.938
2.241 0.759 4.66
1.87 0.571 4.323
1.459 0.488 4.097
1.054 0.396 4.101
0.759 0.271 3.864
0.502 0.304 3.563
0.254 0.515 3.155
0.185 0.687 2.667
0.115 0.644 2.168
-0.042 0.735 1.977
-0.176 0.567 2.012
-0.494 0.32 2.078
-1.022 0.142 2.154
-1.437 0.05 1.991
-1.759 -0.092 2.085
-1.781 -0.152 1.928
-1.749 -0.18 1.657
-1.919 -0.153 1.267
-2.089 -0.146 0.787
-2.647 -0.175 0.493
-2.848 -0.174 0.22
-3.391 -0.217 0.086
-3.758 -0.221 -0.043
-3.848 -0.328 0.383
-4.084 -0.666 0.844
-4.477 -0.936 1.105
-4.744 -1.049 1.115
-4.701 -1.159 1.003
-4.644 -1.362 1.058
-4.611 -1.226 1.202
-4.365 -1.078 1.522
-4.23 -1.108 1.904
-4.281 -1.324 2.67
-4.637 -1.968 3.644
-4.975 -2.202 4.357
-5.038 -2.671 5.093
-4.784 -2.809 5.851
-4.624 -2.812 6.516
-3.826 -2.919 6.743
-2.469 -3.317 6.508
-1.016 -3.7 5.608
0.007 -3.994 4.943
1.549 -4.146 4.38
3.497 -3.938 3.701
5.259 -3.596 2.9
6.698 -3.443 1.739
7.77 -3.133 0.531
8.63 -3.165 -0.297
9.663 -2.581 -1.19
10.524 -2.202 -1.803
10.937 -1.715 -1.976
11.196 -0.819 -2.503
11.042 -0.255 -3.062
10.153 0.261 -3.678
9.388 0.692 -4.147
8.484 0.829 -4.714
7.859 1.16 -5.062
7.159 1.501 -4.702
6.28 1.661 -3.973
5.359 1.84 -3.041
4.452 1.699 -1.97
2.55 1.856 -1.04
1.106 2.059 -0.764
0.624 2.059 -1.317
0.683 2.241 -2.659
0.166 2.767 -3.453
-0.384 3.128 -3.737
-0.871 3.238 -3.096
-1.87 3.224 -2.002
-2.467 2.919 -1.362
-2.876 2.644 -1.14
-3.088 2.612 -1.284
-3.176 2.61 -1.733
-3.056 2.435 -2.241
-2.914 2.286 -2.327
-2.933 2.385 -2.068
-2.933 2.155 -1.456
-3.398 2.086 -0.466
-3.773 1.981 0.235
-3.853 1.515 0.547
-3.786 1.235 0.898
-3.572 1.387 0.773
-3.335 1.369 1.153
-3.113 1.43 1.624
-2.992 1.339 2.09
-3.037 1.239 2.804
-3.233 1.305 2.566
-3.16 1.752 2.137
-3.025 2.042 2.225
-3.498 2.191 2.459
-3.614 2.403 3.489
-3.244 2.223 5.355
-3.092 2.009 7.483
-2.843 2.032 8.889
-2.619 1.933 9.216
-2.426 1.912 8.311
-1.959 2.022 7.153
-1.47 1.94 5.886
-0.409 1.962 5.375
0.199 1.904 5.268
1.171 1.636 4.957
1.648 1.334 4.22
1.613 0.951 3.056
1.426 0.416 1.665
1.05 -0.426 0.498
0.652 -0.78 -0.697
0.578 -1.331 -1.774
0.856 -1.724 -2.346
1.029 -1.681 -2.646
1.159 -1.711 -3.372
1.603 -1.522 -3.776
1.934 -1.232 -3.752
2.18 -1.686 -4.101
2.066 -2.095 -4.578
1.463 -2.334 -5.215
0.937 -2.359 -5.986
0.809 -2.252 -6.741
0.728 -2.329 -7.342
0.629 -2.165 -7.754
0.678 -1.931 -8.048
0.86 -1.79 -7.829
1.24 -1.895 -7.149
1.331 -2.05 -6.512
1.043 -2.155 -5.956
0.499 -2.319 -5.834
-0.11 -2.311 -5.725
-0.771 -2.218 -5.454
-1.444 -2.065 -5.132
-2.265 -1.781 -4.731
-2.513 -1.267 -4.758
-1.968 -1.105 -4.506
-0.78 -1.159 -4.142
0.081 -0.793 -3.831
0.349 -0.17 -3.456
0.159 0.466 -3.464
-0.209 1.1 -3.264
-0.507 1.792 -3.119
-0.534 1.82 -2.971
-0.567 1.853 -2.467
-0.269 2.03 -1.884
0.266 2.197 -1.488
0.998 2.581 -1.477
1.587 2.995 -1.131
1.799 3.187 -0.458
1.481 3.239 0.397
0.937 3.173 1.452
0.714 3.071 1.962
0.634 2.971 2.05
0.665 3.027 1.862
0.952 2.966 1.538
1.184 2.643 1.376
1.16 2.465 1.359
1.156 2.15 1.714
1.015 1.978 2.448
0.887 1.935 3.022
0.73 1.836 2.926
0.7 1.799 2.634
0.94 1.335 2.267
1.717 1.003 1.549
2.234 0.92 0.954
2.735 1.052 1.212
3.228 0.705 1.849
3.612 0.23 2.664
3.613 0.164 3.087
3.415 0.121 3.296
3.272 -0.088 3.181
3.677 -0.39 2.717
3.947 -0.669 2.428
4.165 -0.809 2.357
4.403 -0.754 2.346
4.506 -0.877 2.508
4.641 -1.151 2.662
4.41 -1.536 2.697
3.986 -1.994 2.686
3.51 -1.898 2.59
3.116 -1.389 2.046
2.864 -1.302 1.652
2.681 -1.543 1.607
2.551 -1.664 1.197
2.236 -2.075 1.292
1.417 -2.255 1.62
0.112 -2.099 2.199
-0.838 -2.096 2.272
-1.03 -1.808 1.726
-0.548 -1.765 1.028
-0.251 -1.451 0.675
0.023 -1.177 0.668
0.339 -1.18 0.773
0.202 -1.648 0.73
-0.576 -2.181 0.795
-2.07 -2.359 1.103
-4.035 -2.209 1.639
-5.751 -2.075 1.898
-6.469 -2.057 1.243
-7.02 -2.17 0.386
-7.689 -1.591 -0.342
-8.962 -0.665 -0.471
-10.54 -0.469 -0.286
-11.77 -0.189 -0.102
-12.756 -0.213 -0.661
-13.282 -0.106 -1.379
-13.445 -0.216 -1.75
-12.652 -0.401 -0.721
-11.404 -0.352 1.306
-10.315 0.311 3.322
-9.146 1.564 4.257
-7.317 2.209 3.047
-4.957 2.962 0.466
-2.177 3.502 -2.044
-0.089 4.367 -3.762
0.893 4.663 -4.67
1.735 4.602 -4.349
1.923 4.426 -3.561
1.533 4.026 -2.377
1.345 3.675 -1.45
1.702 3.273 -1.15
2.074 2.937 -1.612
2.237 2.661 -2.33
2.427 2.541 -2.899
2.779 2.192 -3.29
3.018 1.938 -3.142
2.923 1.727 -2.5
2.648 1.511 -1.647
2.392 1.3 -1.18
2.23 0.989 -1.036
2.145 0.821 -0.898
2.655 0.67 -0.834
2.984 0.68 -0.828
3.168 0.724 -0.952
3.093 0.686 -1.374
2.913 0.428 -1.823
2.647 0.135 -2.149
2.46 -0.213 -2.322
2.481 -0.433 -2.357
2.517 -0.718 -2.388
2.369 -1.163 -2.623
2.029 -1.357 -2.689
1.507 -1.626 -2.876
0.899 -1.722 -3.028
0.654 -1.834 -3.337
0.52 -2.314 -4.34
0.468 -2.479 -5.095
0.498 -2.499 -5.654
0.655 -2.395 -5.675
0.883 -2.337 -5.228
0.993 -2.43 -4.335
0.816 -2.696 -3.444
0.614 -2.702 -2.669
0.475 -2.777 -2.342
0.298 -2.904 -1.909
0.104 -2.976 -1.494
-0.035 -3.135 -1.129
-0.04 -3.321 -0.878
0.282 -3.532 -0.618
1.004 -3.584 -0.272
1.662 -3.906 -0.236
1.746 -3.886 -0.04
1.476 -3.644 0.067
1.346 -3.452 0.379
1.332 -3.391 0.668
1.345 -2.759 1.679
1.891 -2.888 2.666
2.254 -3.134 3.503
2.037 -3.553 3.988
0.954 -3.301 5.029
-0.149 -2.186 6.336
-1.168 -1.123 8.228
-1.215 0.229 10.525
-0.55 1.413 12.584
0.34 2.461 14.997
0.556 3.81 17.609
0.647 4.196 18.658
1.194 4.319 18.507
1.712 5.12 18.501
1.636 5.711 17.642
0.938 6.105 15.412
0.068 6.21 12.707
-0.179 5.58 9.782
-0.79 4.996 7.14
-1.013 4.359 4.254
-1.161 3.026 1.7
-1.614 2.008 -1.081
-1.591 1.601 -3.714
-1.156 1.104 -5.385
-0.583 0.787 -6.174
-0.016 0.544 -6.091
0.7 0.206 -5.508
1.0 -0.159 -4.715
1.211 -0.669 -4.218
1.141 -0.903 -3.994
0.949 -1.175 -3.784
0.587 -1.221 -3.932
0.235 -1.099 -4.375
-0.046 -1.118 -4.644
-0.489 -1.144 -4.472
-0.587 -1.418 -4.077
-0.459 -1.371 -3.669
-0.327 -1.466 -3.207
-0.355 -1.354 -2.826
-0.629 -1.279 -2.457
-0.989 -1.358 -2.022
-1.398 -1.507 -1.716
-1.595 -1.606 -1.355
-1.59 -1.609 -1.4
-1.595 -1.517 -1.579
-1.703 -1.391 -1.542
-1.86 -1.321 -1.491
-2.424 -1.352 -1.506
-2.535 -1.407 -1.51
-3.005 -1.585 -1.48
-3.248 -1.573 -1.582
-3.362 -1.554 -1.484
-3.259 -1.484 -1.542
-3.062 -1.508 -1.733
-3.092 -1.504 -1.965
-3.395 -1.56 -2.009
-3.659 -1.43 -2.015
-3.982 -1.149 -1.702
-4.265 -1.077 -1.135
-4.855 -0.978 -0.625
-4.818 -1.234 -0.442
-5.069 -1.377 -0.354
-5.398 -1.627 -0.552
-5.418 -1.491 -0.453
-4.997 -1.471 -0.003
-4.782 -1.789 0.548
-4.674 -2.17 0.631
-4.362 -2.367 0.551
-4.055 -2.725 0.608
-3.658 -3.435 0.788
-3.499 -3.902 1.761
-3.261 -4.391 2.481
-2.452 -5.003 2.922
-1.009 -5.425 3.406
1.401 -5.693 3.789
3.821 -5.485 3.867
6.8 -4.894 3.722
9.369 -4.473 3.013
11.621 -3.724 2.247
13.045 -2.748 1.082
13.43 -1.706 0.345
13.319 -0.588 0.017
12.996 0.272 -0.785
12.153 1.072 -1.37
11.774 2.034 -2.0
11.794 3.27 -2.11
11.434 4.02 -2.546
10.825 4.161 -2.877
9.216 3.977 -2.857
7.105 3.606 -2.39
4.929 3.288 -1.72
3.471 3.097 -0.979
2.288 3.123 -0.579
1.068 2.509 -0.409
0.047 2.155 -0.515
-0.818 2.129 -1.006
-1.469 2.106 -1.466
-2.02 2.223 -1.707
-2.439 2.035 -1.769
-2.445 2.038 -1.877
-2.39 2.11 -1.904
-2.28 2.071 -1.86
-2.156 2.071 -1.64
-2.345 2.14 -1.165
-2.619 2.15 -0.592
-2.866 2.107 -0.429
-3.044 2.25 0.061
-3.188 2.171 0.908
-3.74 2.23 1.429
-3.909 2.102 1.82
-3.423 1.59 1.845