0.0000 0.0000 0.0000
0.337 1.591 8.444
-0.558 1.156 8.815
-1.493 1.006 8.399
-2.378 0.819 7.791
-3.407 0.892 6.633
-4.437 0.458 6.177
-5.519 0.559 5.49
-6.535 0.908 4.786
-8.019 0.783 5.1
-9.036 0.48 5.124
-9.408 -0.592 5.051
-8.984 -1.145 5.107
-8.215 -1.548 5.354
-7.531 -1.634 5.638
-6.709 -1.514 5.462
-5.444 -1.492 5.691
-3.606 -1.274 5.656
-1.884 -1.637 4.393
-1.411 -1.999 3.453
-1.339 -2.903 2.556
-1.679 -3.922 1.99
-2.166 -5.047 1.809
-1.587 -5.232 1.972
0.096 -4.915 1.749
3.017 -4.338 1.505
6.214 -3.706 1.131
8.636 -3.301 0.897
10.246 -2.919 0.721
11.35 -2.773 0.942
11.551 -2.436 1.279
11.439 -2.183 1.409
10.691 -1.939 1.501
9.717 -1.65 1.463
9.202 -1.235 1.308
9.006 -0.81 1.125
8.846 -0.195 1.254
8.746 0.315 0.939
8.182 0.353 0.518
7.415 0.774 0.311
6.596 1.257 0.573
6.048 1.726 0.757
5.883 2.027 0.095
5.346 2.247 -0.629
4.26 2.453 -1.859
3.05 2.285 -2.802
1.917 2.057 -3.565
0.752 1.937 -3.975
0.056 2.08 -4.155
-0.811 2.363 -3.766
-1.436 2.471 -3.432
-1.732 2.552 -3.166
-1.775 2.52 -2.867
-1.631 2.398 -2.873
-1.589 2.235 -3.008
-1.723 2.072 -3.121
-1.99 1.994 -2.981
-2.36 1.915 -2.485
-2.943 1.948 -1.805
-3.166 1.753 -1.444
-3.556 1.75 -1.075
-3.726 1.472 -0.994
-3.569 1.333 -1.032
-3.341 1.226 -0.817
-3.128 1.025 -0.701
-2.892 0.957 -0.493
-2.707 0.922 -0.348
-2.513 0.916 -0.201
-2.296 0.945 -0.078
-2.05 0.893 0.222
-2.051 0.838 0.82
-2.303 0.824 1.299
-2.642 0.819 1.505
-2.851 0.763 1.621
-2.618 1.014 1.554
-2.287 1.214 1.554
-1.808 1.213 1.502
-1.567 1.213 1.455
-1.747 1.221 1.99
-2.373 1.443 3.058
-3.136 2.075 4.175
-3.744 2.307 5.231
-3.965 2.765 6.242
-3.318 3.247 7.419
-2.133 3.569 8.117
-1.842 3.807 9.511
-2.528 3.745 10.948
-3.715 3.405 11.792
-3.55 2.763 11.854
-2.471 1.366 11.186
-0.931 0.6 10.024
0.032 -0.011 8.599
0.459 -0.837 6.783
0.431 -1.357 5.423
0.37 -1.704 4.838
0.687 -2.99 3.57
1.256 -3.397 1.127
1.527 -3.713 -1.355
2.262 -3.996 -3.417
2.949 -4.51 -5.351
2.87 -4.861 -6.221
2.35 -5.038 -5.918
2.218 -5.207 -6.714
2.074 -5.298 -8.464
1.858 -5.337 -10.634
1.819 -4.915 -12.424
1.8 -4.605 -13.862
1.422 -4.049 -13.794
0.978 -3.722 -12.829
0.406 -3.901 -11.968
0.469 -3.184 -11.693
0.965 -2.193 -12.024
1.524 -1.543 -11.994
1.699 -1.181 -11.656
1.322 -0.71 -10.801
0.871 0.041 -9.652
0.861 0.959 -8.729
1.223 1.423 -7.443
1.334 1.462 -6.388
1.019 1.979 -5.12
0.71 2.247 -4.065
0.294 2.419 -3.279
0.11 2.728 -2.201
0.021 3.248 -1.404
0.079 3.932 -1.108
0.623 3.78 -0.756
1.078 3.867 -0.663
1.539 4.118 0.178
1.523 3.991 1.143
1.336 3.894 1.942
0.944 3.961 2.989
0.418 4.185 3.793
0.325 4.068 3.741
0.93 3.472 2.772
1.078 3.021 2.366
1.177 2.719 2.431
1.404 2.645 3.024
1.738 2.501 2.92
1.805 2.053 2.481
1.642 1.632 2.543
1.486 1.159 2.634
1.458 0.732 2.594
1.683 0.547 2.404
2.049 0.527 1.991
2.534 0.345 1.723
2.582 -0.059 1.809
2.867 -0.51 1.801
3.183 -0.735 2.215
3.158 -1.006 2.606
3.385 -1.19 2.905
3.667 -1.192 2.528
3.999 -0.874 1.81
4.133 -0.157 1.414
3.375 0.211 0.919
4.166 -0.766 2.171
4.948 -1.638 2.144
5.177 -2.611 2.335
4.987 -2.911 2.472
3.471 -1.887 3.578
2.262 -1.129 3.539
1.079 -1.163 2.961
0.687 -1.271 1.699
1.213 -0.971 0.081
1.97 -0.762 -0.684
2.394 -0.815 0.323
2.896 -1.285 1.859
2.098 -1.484 3.0
1.086 -1.318 3.579
-0.366 -1.135 3.178
-1.51 -1.133 1.912
-2.247 -1.218 0.954
-2.626 -1.226 0.634
-2.604 -1.06 0.528
-3.611 -0.781 1.647
-4.844 -0.781 2.913
-5.722 -0.599 3.346
-6.537 -0.617 2.994
-7.564 -0.538 2.281
-8.583 0.48 1.57
-9.966 0.268 0.594
-10.848 0.155 0.25
-11.358 0.536 -0.024
-11.791 0.517 -0.806
-11.663 0.784 -1.621
-11.16 1.094 -2.149
-10.613 1.519 -2.029
-9.535 2.341 -1.843
-7.952 2.46 -1.116
-6.614 2.541 -0.435
-5.375 2.813 -0.142
-3.518 3.144 -0.007
-2.244 3.545 -0.54
-1.339 3.776 -1.546
-0.412 3.924 -2.521
0.964 3.609 -3.174
2.212 3.49 -2.934
2.586 3.348 -2.184
2.715 3.418 -1.724
3.193 2.929 -1.715
3.141 2.197 -1.975
3.086 1.891 -2.079
3.329 1.676 -2.043
3.556 1.31 -1.804
3.536 1.067 -1.564
3.329 1.064 -1.476
3.186 0.974 -1.44
3.272 0.782 -1.589
3.376 0.635 -1.775
3.366 0.373 -1.598
3.512 0.034 -1.3
3.419 -0.037 -0.773
3.181 0.172 -0.687
2.957 -0.284 -0.929
2.619 -0.746 -1.482
2.193 -0.999 -2.463
1.594 -1.408 -3.027
1.262 -1.62 -3.172
1.369 -1.648 -2.984
1.542 -1.5 -2.626
1.526 -1.35 -2.26
1.39 -1.517 -2.171
1.191 -1.787 -2.713
0.762 -2.195 -2.881
0.306 -2.311 -3.015
0.163 -2.218 -3.463
0.181 -2.16 -3.677
0.155 -2.159 -3.542
-0.084 -2.245 -3.352
-0.188 -2.46 -3.111
-0.212 -2.645 -3.455
-0.251 -2.768 -4.213
-0.588 -2.767 -4.472
-0.943 -2.749 -3.844
-1.072 -2.896 -3.382
-1.103 -3.236 -3.466
-1.096 -3.145 -3.568
-1.099 -2.865 -4.012
-1.014 -2.639 -4.723
-0.792 -2.573 -5.182
-0.472 -2.419 -4.982
-0.261 -2.281 -4.182
-0.579 -2.501 -2.049
-0.995 -2.776 0.051
-1.663 -2.818 1.796
-1.841 -3.105 2.633
-1.045 -3.915 2.637
-0.251 -4.48 2.606
0.954 -3.696 2.906
2.815 -3.283 3.667
4.869 -2.877 5.05
6.158 -3.279 7.475
6.714 -4.183 10.684
6.681 -5.877 14.692
5.65 -6.384 20.549
4.672 -5.849 26.018
4.497 -5.221 29.036
5.289 -3.242 28.83
6.13 -1.211 25.904
6.146 0.297 20.987
5.506 2.336 16.0
4.119 3.472 11.547
2.061 3.642 7.996
-0.213 3.511 5.809
-2.088 3.323 3.978
-3.111 3.094 1.719
-3.481 3.044 -0.866
-3.624 3.205 -3.278
-3.4 3.47 -5.209
-2.999 3.399 -6.274
-2.268 2.869 -6.939
-1.309 2.591 -7.116
-0.626 2.427 -7.068
0.056 2.21 -7.007
0.654 2.032 -6.763
1.011 1.717 -6.613
0.996 1.476 -6.382
0.655 1.363 -6.192
-0.005 0.89 -5.866
-0.754 0.034 -5.486
-1.316 -0.322 -5.101
-1.572 -0.514 -4.617
-1.553 -0.523 -4.233
-1.182 -0.462 -3.896
-1.012 -0.424 -3.515
-1.178 -0.39 -3.189
-1.44 -0.42 -3.008
-1.589 -0.412 -2.923
-1.585 -0.354 -2.751
-1.685 -0.508 -2.424
-2.016 -0.595 -2.087
-2.116 -0.561 -1.938
-1.999 -0.548 -1.882
-1.808 -0.407 -1.815
-1.619 -0.117 -1.763
-1.457 -0.027 -1.681
-1.397 0.018 -1.358
-1.628 -0.044 -0.963
-1.922 -0.28 -0.548
-2.23 -0.416 -0.295
-2.601 -0.245 -0.093
-3.039 -0.152 0.01
-3.097 -0.033 0.225
-3.572 0.021 0.461
-4.077 0.045 0.768
-4.462 -0.26 0.846
-5.239 -0.683 0.796
-5.715 -0.321 0.415
-6.066 -0.005 0.14
-6.218 -0.28 0.032
-6.398 -1.045 0.752
-7.111 -1.604 1.203
-7.382 -2.124 1.789
-7.359 -2.619 1.765
-6.658 -2.839 1.02
-5.656 -2.849 0.315
-4.272 -2.779 -0.38
-3.224 -2.57 -1.005
-2.246 -2.451 -0.689
-2.013 -2.301 -0.026
-1.863 -2.493 0.579
-1.763 -3.321 1.806
-1.354 -4.42 2.461
-0.469 -5.27 2.706
0.43 -5.778 3.056
1.853 -6.148 2.94
3.951 -6.119 2.275
6.09 -6.024 1.927
7.912 -5.922 1.321
9.853 -5.485 0.249
11.746 -4.221 -0.395
13.011 -3.032 -1.037
14.028 -2.056 -1.321
14.228 -1.437 -2.008
13.305 -0.638 -2.669
11.113 0.011 -2.557
8.985 0.82 -2.275
7.905 1.574 -1.737
7.166 1.925 -1.365
6.579 2.095 -1.255
6.111 2.48 -1.345
5.318 2.947 -1.727
4.416 3.135 -1.916
3.173 3.468 -2.311
2.054 3.474 -2.287
0.849 3.248 -2.17
-0.071 3.647 -1.815
-0.306 3.989 -1.427
0.327 4.185 -1.267
0.855 4.482 -1.605
0.64 4.688 -1.462
-0.621 4.581 -1.161
-2.257 4.459 -0.657
-3.781 3.565 -0.125
-4.575 3.26 0.136
-4.436 3.253 0.226
-3.889 3.255 -0.149
-3.25 2.999 -0.462
-2.96 3.018 -0.14
-2.957 3.009 0.563
-3.557 2.846 1.679
-4.089 2.423 1.718
-3.87 1.741 1.916
-2.94 1.696 1.552
-2.077 1.63 0.621
-1.645 1.665 0.206
-1.86 1.361 0.461