0.0000 0.0000 0.0000
2.052 1.246 8.806
1.769 1.458 8.313
1.325 1.243 7.378
0.563 0.903 6.847
-0.388 0.546 6.507
-1.246 0.405 6.425
-2.199 0.485 6.386
-2.436 0.729 5.722
-2.993 0.76 5.305
-3.599 0.813 4.671
-4.773 0.568 4.091
-5.968 0.701 3.82
-7.052 0.036 3.576
-8.088 -0.57 2.805
-8.244 -0.573 2.119
-8.316 -0.55 1.959
-8.243 -0.788 1.703
-8.177 -1.27 1.618
-8.54 -1.496 1.698
-8.04 -1.226 2.037
-7.184 -1.525 2.703
-5.965 -2.614 3.648
-4.757 -3.663 3.826
-5.083 -4.606 3.039
-5.428 -5.93 2.287
-6.005 -6.621 1.972
-6.517 -6.623 2.386
-5.356 -6.021 3.466
-2.252 -6.048 4.775
2.256 -5.693 5.78
6.391 -5.425 5.865
10.045 -5.072 4.874
12.514 -4.746 4.033
14.443 -4.366 3.086
15.92 -3.826 1.968
16.242 -3.848 1.279
15.867 -2.946 0.307
14.918 -1.023 -0.137
14.814 0.044 -0.407
15.324 1.505 -0.961
16.273 2.423 -0.788
17.016 2.905 -0.226
15.849 2.795 -0.186
13.152 2.628 -0.409
8.906 2.563 -0.911
4.965 2.505 -2.018
1.736 2.16 -2.859
-0.652 1.9 -3.737
-1.819 2.296 -4.414
-2.154 2.627 -4.783
-1.387 2.881 -5.106
-0.55 2.929 -5.035
0.047 3.352 -4.695
0.12 3.68 -4.243
-0.245 3.571 -3.448
-0.979 3.36 -2.5
-1.838 3.214 -1.5
-3.033 2.823 -1.048
-3.721 2.429 -1.09
-4.521 2.255 -0.843
-4.887 2.21 -0.647
-4.976 2.11 -0.151
-4.987 1.701 -0.075
-4.824 1.599 0.017
-4.566 1.431 0.093
-4.299 1.434 0.032
-4.119 1.661 0.356
-3.828 1.78 0.579
-3.635 1.852 1.487
-3.848 2.278 3.312
-3.86 2.447 5.221
-3.689 2.883 7.026
-3.682 3.129 8.504
-3.814 3.264 9.024
-3.941 3.955 9.329
-4.107 4.49 9.464
-4.05 4.619 9.837
-4.369 4.424 10.827
-4.018 4.085 11.407
-2.841 3.668 11.922
-2.35 3.223 12.246
-1.778 2.125 11.694
-1.264 0.715 10.43
-1.086 -0.502 8.102
-0.814 -1.728 5.405
-0.189 -2.537 2.597
0.484 -3.189 -0.118
1.073 -3.835 -2.063
1.595 -4.477 -3.123
1.599 -4.753 -3.837
1.749 -5.355 -4.927
2.074 -5.63 -7.425
2.203 -5.412 -10.328
2.215 -5.508 -12.536
1.58 -5.018 -13.162
0.638 -4.74 -12.716
-0.201 -5.231 -12.168
-0.715 -5.053 -12.425
-0.161 -4.729 -13.493
0.94 -4.04 -14.212
1.863 -3.378 -14.652
2.504 -2.393 -13.497
2.288 -1.051 -11.251
1.878 -0.653 -9.083
1.932 -0.587 -8.313
1.98 -0.658 -8.731
1.334 -0.29 -8.884
0.278 0.505 -8.116
-0.438 0.842 -6.796
-0.929 1.68 -5.108
-0.931 2.003 -3.873
-0.372 2.363 -2.727
0.009 2.73 -1.894
0.18 3.043 -1.558
0.042 2.903 -1.075
-0.418 3.388 -0.812
-0.67 4.032 -0.593
0.181 4.034 -0.766
1.206 4.061 -0.448
1.619 4.095 0.13
1.337 4.306 1.022
1.143 4.047 1.851
1.158 3.772 2.398
1.378 3.576 2.572
1.55 2.899 2.323
2.266 2.549 2.237
2.927 2.423 2.298
3.686 2.189 2.706
3.92 1.652 3.315
3.899 1.064 3.595
3.776 0.639 3.589
3.743 0.109 3.713
3.714 -0.323 3.522
4.118 -0.351 3.308
4.361 -0.212 2.882
4.709 -0.088 2.792
5.264 -0.303 3.056
5.341 -0.367 3.267
4.945 -0.555 3.165
4.812 -0.878 2.84
4.9 -1.187 2.719
4.582 -1.267 2.439
4.176 -1.7 2.324
3.792 -2.176 2.583
3.249 -2.45 2.988
3.097 -2.015 2.81
3.606 -1.098 2.089
4.383 -0.911 1.234
5.462 -1.389 0.421
5.769 -2.319 1.189
5.433 -2.699 2.449
5.303 -2.963 3.549
5.238 -3.33 4.263
4.62 -3.67 4.819
2.968 -4.483 5.423
1.448 -5.388 6.423
-1.204 -5.444 7.289
-4.506 -5.425 7.698
-7.71 -5.167 6.635
-11.11 -4.65 4.825
-13.955 -3.72 1.481
-16.507 -2.753 -0.829
-17.21 -2.392 -2.962
-17.316 -2.161 -4.665
-17.455 -1.747 -5.336
-18.355 -0.676 -4.785
-19.26 0.77 -3.074
-19.903 1.839 -1.698
-19.464 3.638 -1.287
-18.466 3.92 -1.348
-17.214 4.158 -1.187
-15.423 4.621 -0.715
-12.036 5.141 -0.643
-8.195 5.73 -0.553
-4.859 6.235 0.217
-1.873 6.645 1.307
1.209 6.558 0.211
3.872 6.618 -1.344
5.821 6.284 -2.726
7.333 6.026 -3.41
8.16 5.544 -3.405
7.912 5.61 -2.953
7.664 5.221 -2.407
7.07 4.423 -1.71
5.915 3.309 -1.444
4.841 2.693 -1.368
4.262 2.019 -1.352
3.861 1.446 -1.234
3.587 1.129 -0.757
3.892 0.861 -0.492
4.046 0.792 -0.494
4.141 0.946 -0.643
4.132 1.075 -0.863
4.339 0.657 -1.079
4.595 0.178 -1.264
4.67 0.039 -1.672
4.315 -0.438 -1.987
3.866 -0.937 -2.607
3.324 -1.24 -2.812
2.397 -1.641 -2.522
1.356 -2.055 -2.614
0.729 -2.47 -2.732
0.518 -2.671 -3.726
0.544 -3.171 -4.612
0.722 -3.009 -5.366
1.279 -2.648 -5.812
1.754 -2.624 -6.299
1.941 -2.56 -6.204
1.307 -2.218 -5.42
0.573 -2.375 -5.214
-0.061 -3.249 -5.003
-0.856 -4.166 -4.08
-1.951 -4.395 -3.965
-2.049 -4.249 -4.784
-1.715 -4.298 -4.366
-1.095 -4.239 -2.972
-0.374 -4.004 -2.08
0.283 -4.035 -2.165
0.867 -3.993 -3.405
1.47 -3.628 -4.521
2.15 -2.947 -5.586
2.323 -2.255 -5.286
2.384 -2.116 -4.473
1.844 -1.801 -2.31
1.176 -1.69 -0.373
0.343 -1.167 1.775
1.016 -1.447 3.718
2.552 -3.078 5.51
4.167 -4.287 7.88
4.715 -5.16 10.187
4.287 -6.031 13.771
3.134 -6.152 19.478
1.838 -6.33 25.908
0.775 -6.154 31.161
0.31 -4.59 33.733
0.727 -1.916 33.601
2.085 1.231 30.172
3.057 4.866 24.62
3.001 8.163 18.857
1.331 10.406 14.472
-0.689 11.564 11.292
-1.896 10.218 7.163
-2.447 7.446 2.129
-2.134 5.047 -2.936
-1.222 3.404 -6.348
0.304 2.322 -8.928
1.765 2.219 -10.673
2.631 2.42 -12.088
2.971 2.566 -12.379
2.666 2.309 -11.848
1.83 1.638 -10.525
0.613 0.751 -8.317
-0.534 -0.203 -6.227
-1.377 -0.527 -4.415
-1.816 -0.621 -3.81
-1.902 -0.378 -3.894
-1.798 -0.073 -4.099
-1.575 -0.117 -4.146
-1.426 -0.123 -3.895
-1.249 -0.171 -3.799
-0.857 -0.507 -3.764
-0.512 -0.508 -3.637
-0.487 -0.517 -3.541
-0.8 -0.354 -3.307
-1.03 -0.197 -2.769
-1.548 -0.333 -2.389
-2.152 -0.351 -2.236
-2.462 -0.48 -2.4
-2.423 -0.708 -2.583
-2.387 -0.688 -2.695
-2.493 -0.447 -2.787
-2.847 -0.351 -2.586
-3.459 -0.298 -2.241
-4.475 -0.277 -1.767
-5.165 -0.663 -1.556
-5.898 -1.131 -1.271
-6.058 -1.156 -0.954
-5.659 -1.187 -0.712
-5.438 -1.154 -0.65
-5.747 -1.073 -0.826
-6.103 -1.199 -1.226
-6.493 -1.372 -1.388
-6.688 -1.519 -1.507
-6.752 -1.634 -1.314
-7.327 -1.565 -1.113
-7.844 -1.995 -0.666
-8.438 -2.261 0.288
-8.672 -2.888 1.095
-9.166 -3.797 2.08
-9.491 -4.547 2.717
-8.757 -5.583 2.479
-6.795 -6.412 1.68
-4.642 -6.219 1.107
-2.678 -6.192 0.306
-0.936 -6.478 0.103
0.579 -6.58 0.127
1.9 -7.284 0.683
3.408 -7.641 2.365
5.489 -8.222 3.292
7.681 -8.589 4.057
9.533 -8.092 4.169
11.329 -6.421 4.174
13.782 -4.994 3.214
15.748 -4.055 1.013
15.802 -2.615 -1.526
13.842 -1.147 -3.847
10.907 -1.256 -4.902
8.273 -1.251 -4.757
6.213 -0.859 -3.195
6.212 0.872 0.123
9.435 3.715 3.636
15.68 4.551 6.513
19.275 2.027 7.249
16.511 2.074 6.473
10.025 3.478 4.826
4.902 2.777 2.542
1.611 2.801 0.288
0.036 2.891 -1.576
-0.966 3.369 -3.28
-1.094 4.463 -4.693
-1.139 5.723 -5.68
-0.81 6.271 -6.138
-0.643 6.816 -6.472
-0.518 7.083 -6.601
-0.639 7.168 -6.087
-1.609 6.985 -4.806
-2.879 6.502 -3.3
-3.867 6.283 -1.97
-4.35 5.922 -0.773
-4.734 5.553 0.2
-4.726 5.214 0.585
-4.4 4.985 0.88
-4.132 4.728 1.111
-3.814 4.247 1.224
-3.743 3.805 1.446
-3.92 3.269 2.034
-4.286 2.839 2.305
-4.573 2.356 1.772
-4.107 2.0 0.475