0.0000 0.0000 0.0000
-6.419 0.126 6.953
-5.855 -0.144 6.525
-5.261 -0.276 6.148
-4.717 -0.18 5.714
-4.272 -0.351 5.246
-3.758 -0.385 4.868
-3.253 -0.312 4.485
-2.704 -0.289 4.148
-2.243 -0.407 3.863
-1.786 -0.504 3.519
-1.47 -0.385 3.219
-1.331 -0.432 2.863
-1.241 -0.424 2.559
-1.169 -0.398 2.303
-1.242 -0.41 1.995
-1.238 -0.447 1.753
-1.123 -0.436 1.646
-0.924 -0.393 1.637
-0.832 -0.431 1.533
-0.895 -0.448 1.406
-0.952 -0.533 1.403
-0.908 -0.479 1.461
-0.878 -0.5 1.375
-0.894 -0.666 1.186
-0.864 -0.78 0.99
-0.709 -0.754 0.761
-0.56 -0.67 0.547
-0.565 -0.542 0.363
-0.603 -0.523 0.137
-0.655 -0.462 -0.091
-0.658 -0.39 -0.306
-0.627 -0.411 -0.422
-0.59 -0.447 -0.457
-0.591 -0.334 -0.411
-0.73 -0.335 -0.431
-1.123 -0.439 -0.663
-1.252 -0.43 -0.89
-1.135 -0.438 -1.128
-0.927 -0.386 -1.205
-0.877 -0.33 -1.498
-0.936 -0.331 -1.693
-1.058 -0.29 -1.963
-1.279 -0.217 -2.224
-1.513 -0.032 -2.208
-1.715 0.039 -2.151
-1.863 0.208 -2.289
-1.892 0.359 -2.517
-1.823 0.297 -2.558
-1.641 0.457 -2.346
-1.416 0.601 -2.214
-1.171 0.662 -2.148
-0.977 0.768 -2.097
-0.81 0.846 -2.086
-0.763 0.865 -2.135
-0.67 0.804 -2.112
-0.491 0.827 -1.986
-0.235 0.762 -2.021
-0.03 0.711 -1.939
0.032 0.744 -1.633
-0.16 0.747 -1.246
-0.678 0.775 -1.155
-1.326 0.362 -1.135
-1.357 -0.217 -1.444