0.0000 0.0000 0.0000
-7.221 1.841 4.927
-6.533 1.786 4.486
-6.095 1.668 3.951
-5.555 1.475 3.522
-5.008 1.241 3.583
-4.188 1.16 3.526
-3.338 1.208 3.493
-2.815 1.139 3.419
-2.464 0.982 3.5
-2.183 0.746 3.339
-1.827 0.662 3.091
-1.524 0.527 2.782
-1.104 0.518 2.538
-0.821 0.483 2.379
-0.705 0.34 2.305
-0.746 0.151 2.419
-0.783 -0.027 2.436
-0.895 -0.292 2.468
-0.883 -0.478 2.454
-0.76 -0.671 2.433
-0.512 -0.742 2.508
-0.383 -0.668 2.533
-0.362 -0.765 2.538
-0.377 -0.904 2.319
-0.245 -0.839 2.001
-0.117 -0.945 1.758
-0.139 -1.049 1.384
-0.436 -1.047 0.995
-0.763 -1.184 0.784
-0.936 -1.134 0.455
-1.205 -1.202 0.151
-1.213 -1.15 -0.035
-0.946 -0.872 -0.256
-0.644 -0.776 -0.523
-0.338 -0.448 -0.643
-0.339 -0.196 -0.984
-0.512 -0.168 -1.196
-0.564 -0.186 -1.352
-0.43 0.09 -1.57
-0.301 0.219 -1.732
-0.34 0.266 -1.955
-0.538 0.283 -2.148
-0.795 0.116 -1.898
-0.913 0.096 -1.683
-0.882 -0.007 -1.48
-0.829 0.044 -1.513
-0.72 -0.046 -1.654
-0.674 -0.118 -1.765
-0.675 -0.184 -1.709
-0.814 -0.209 -1.512
-1.138 -0.386 -1.206
-1.421 -0.451 -0.852
-1.434 -0.414 -0.767
-1.506 -0.425 -0.949
-1.528 -0.434 -1.406
-1.452 -0.175 -1.894
-1.635 0.109 -2.265
-2.1 0.15 -2.504
-2.442 0.221 -3.029
-2.577 0.276 -3.511
-2.457 0.085 -4.168
-1.737 0.016 -2.941
0.399 -0.568 -0.698
-0.652 -0.373 -2.102
-0.501 0.025 -2.823
-0.149 0.488 -2.989
-0.022 0.551 -2.733
0.152 0.582 -2.399
0.266 0.757 -1.918
0.205 0.664 -1.614
-0.229 0.451 -1.737
-0.628 0.371 -1.641
-0.66 0.144 -1.675
-0.318 0.087 -1.525
-0.01 0.388 -1.648
-0.001 0.487 -1.664
-0.173 0.421 -1.575
-0.328 0.371 -1.521
-0.312 0.333 -1.36
-0.359 0.49 -1.491
-0.288 0.329 -1.29