0.0000 0.0000 0.0000
-4.79 1.151 7.177
-4.018 0.873 7.071
-3.246 0.69 6.898
-2.74 0.69 6.45
-2.569 0.475 5.667
-2.2 0.169 4.91
-1.739 0.281 4.299
-1.281 0.27 3.912
-1.006 0.062 3.9
-0.793 -0.4 4.432
-0.49 -0.8 5.144
-0.182 -0.926 5.129
0.033 -1.187 5.125
0.142 -1.405 5.155
0.154 -1.54 4.959
0.035 -1.679 4.463
-0.011 -1.726 3.844
0.222 -1.709 3.658
0.208 -1.9 3.714
-0.122 -2.305 3.377
-0.48 -2.462 3.152
-0.622 -2.448 2.879
-0.775 -2.445 2.488
-1.042 -2.545 2.274
-1.188 -2.816 2.451
-1.44 -2.991 2.43
-2.011 -2.873 1.894
-2.413 -3.043 1.213
-2.698 -3.143 0.523
-2.626 -2.984 0.005
-2.725 -2.824 -0.606
-3.168 -3.093 -0.994
-3.308 -3.094 -1.498
-3.124 -3.0 -2.029
-2.872 -2.907 -2.576
-3.179 -2.788 -3.094
-3.913 -2.673 -3.646
-4.245 -2.371 -3.738
-4.131 -1.876 -4.235
-3.856 -1.507 -5.061
-3.505 -1.356 -5.986
-3.249 -0.729 -7.163
-2.907 0.015 -8.179
-2.547 0.643 -8.361
-2.241 1.259 -7.973
-2.017 1.694 -6.994
-1.832 1.765 -5.623
-2.235 1.761 -4.707
-2.787 1.525 -3.848
-2.913 1.389 -2.791
-2.372 1.612 -1.969
-1.859 0.977 -1.436
-1.07 -0.076 -1.818