0.0000 0.0000 0.0000
-5.833 0.557 6.212
-5.31 0.492 5.771
-4.771 0.521 5.427
-4.233 0.512 4.979
-3.646 0.564 4.421
-3.023 0.456 4.297
-2.35 0.315 4.031
-1.598 0.292 3.895
-0.748 0.16 4.066
-0.234 0.101 3.987
-0.012 -0.09 4.148
0.273 -0.313 4.552
0.547 -0.627 4.916
0.733 -0.848 5.028
0.729 -1.031 4.826
0.734 -1.195 4.947
0.686 -1.308 5.116
0.626 -1.341 5.096
0.305 -1.474 4.741
-0.121 -1.585 3.896
-0.454 -1.599 3.076
-0.598 -1.577 2.268
-0.762 -1.523 1.636
-1.126 -1.5 1.111
-1.28 -1.272 0.87
-1.264 -1.162 0.559
-1.146 -1.089 0.443
-0.997 -1.049 0.338
-1.199 -1.021 0.184
-1.613 -1.264 -0.265
-1.805 -1.353 -0.376
-1.952 -1.356 -0.485
-1.981 -1.479 -0.73
-1.904 -1.563 -1.062
-1.799 -1.64 -1.352
-1.74 -1.631 -1.579
-1.661 -1.692 -1.679
-1.84 -1.747 -1.753
-2.319 -1.615 -2.301
-2.397 -1.359 -2.907
-2.373 -0.956 -3.72
-2.61 -0.515 -4.201
-3.15 -0.24 -4.281
-3.68 -0.035 -4.172
-3.967 0.14 -3.754
-3.915 0.359 -3.396
-4.144 0.349 -3.048
-4.083 0.211 -2.691
-3.433 0.491 -2.353
-2.435 1.157 -2.057
-1.502 1.378 -2.093
-0.55 0.757 -2.2892
-0.197 0.09 -0.328
-0.324 -0.005 -0.114
-0.249 -0.099 0.078
-0.008 -0.141 0.415
0.345 -0.135 0.899
0.423 -0.26 1.378
0.268 -0.621 1.671
0.043 -0.766 1.745
-0.133 -0.845 1.45
-0.068 -0.838 1.046
0.223 -0.693 0.795
0.226 -0.641 0.526
0.109 -0.818 0.577
-0.048 -1.047 0.64
-0.25 -1.063 0.619
-0.57 -1.224 0.238
-0.719 -1.136 -0.207
-0.751 -0.832 -1.048
-0.874 -0.551 -1.745
-0.838 -0.125 -1.864
-0.858 0.05 -1.755
-0.806 0.269 -1.51
-0.864 0.311 -1.48
-1.088 0.237 -2.271
-1.453 0.136 -3.147
-2.238 -0.127 -3.539
-2.644 -0.123 -3.289
-3.258 -0.102 -2.598
-2.527 0.157 -2.26
-1.783 0.098 -1.302
-1.157 0.244 -0.87
-0.808 0.305 -0.714
-0.34 0.137 -1.272