0.0000 0.0000 0.0000
-6.152 0.6 6.772
-5.33 0.574 6.198
-4.573 0.637 5.604
-3.883 0.565 5.138
-3.296 0.448 4.78
-2.932 0.3 4.508
-2.716 0.02 4.463
-2.522 -0.171 4.482
-2.382 -0.343 4.508
-2.377 -0.576 4.333
-2.001 -0.734 3.994
-1.542 -0.54 3.577
-1.336 -0.555 3.211
-1.177 -0.56 3.045
-1.033 -0.478 2.844
-1.007 -0.559 2.534
-1.2 -0.701 2.16
-1.39 -0.735 1.987
-1.32 -0.799 1.926
-1.076 -0.788 2.043
-1.028 -0.77 1.96
-1.322 -0.874 1.522
-1.483 -0.984 0.956
-1.438 -0.955 0.55
-1.234 -0.868 0.426
-1.093 -0.79 0.349
-1.087 -0.693 0.133
-1.28 -0.796 -0.086
-1.402 -0.812 -0.31
-1.262 -0.748 -0.512
-1.049 -0.664 -0.581
-0.936 -0.71 -0.816
-0.98 -0.742 -1.114
-1.132 -0.633 -1.33
-1.269 -0.656 -1.602
-1.124 -0.608 -1.623
-0.917 -0.495 -1.409
-0.782 -0.463 -1.044
-0.67 -0.468 -0.913
-0.697 -0.585 -1.167
-0.567 -0.492 -1.507
-0.355 -0.296 -2.227
-0.277 -0.163 -2.737
-0.395 -0.19 -3.092
-0.485 0.026 -3.257
-0.712 0.041 -3.155
-0.805 -0.04 -2.883
-0.811 0.179 -2.517
-0.971 0.135 -2.282
-1.012 0.19 -2.097
-1.16 0.301 -1.887
-1.372 0.279 -1.768
-1.493 0.467 -1.599
-1.576 0.592 -1.189
-1.643 0.585 -0.958
-1.573 0.621 -0.845
-1.33 0.602 -0.778
-1.162 0.628 -0.666
-1.124 0.625 -0.711
-1.028 0.589 -0.666
-0.727 0.702 -0.496
-0.396 0.796 -0.386
-0.029 0.725 -0.201
0.663 0.747 -0.293
1.372 1.181 -0.513
-0.642 1.678 -1.414
-0.319 1.553 -1.756
-0.054 1.312 -1.813